0.216735
0.18676
0.203741
0.202293
0.216171
0.176921
0.188966
0.176626
0.179222
0.179164
0.187747
0.183464
0.18423
0.18997
0.189413
0.179026
0.176425
0.179827
0.177719
0.183412
0.176976
0.183779
0.177943
0.198464
0.19781
0.187562
0.185998
0.185663
0.184778
0.185922
0.185602
0.184246
0.191515
0.189258
0.184877
0.189252
0.195765
0.194304
0.195596
0.195563
0.19483
0.195322
0.196503
0.194259
0.19581
0.201107
0.202003
0.199329
0.182703
0.177673
0.174014
0.176424
0.174137
0.175716
0.173305
0.175599
0.173008
0.175363
0.172889
0.173345
0.17173
0.183492
0.179834
0.193152
0.190336
0.192395
0.19279
0.180125
0.182282
0.179868
0.172071
0.410872
0.26332
0.184807
0.184775
0.18341
0.180704
0.17421
0.170195
0.174297
0.176524
0.178682
0.173431
0.175897
0.168883
0.175141
0.182577
0.180658
0.184663
0.173317
0.169548
0.168541
0.172386
0.168429
0.170712
0.163311
0.176166
0.163465
0.165945
0.164068
0.166778
0.162465
0.163336
0.168108
0.171587
0.169324
0.170018
0.169123
0.172052
0.171076
0.187063
0.213164
0.181919
0.170483
0.172614
0.175972
0.174995
0.180403
0.169993
0.169941
0.167991
0.173767
0.172854
0.172385
0.17033
0.170888
0.166254
0.169752
0.171459
0.170997
0.166903
0.172593
0.168666
0.178539
0.175569
0.173164
0.171531
0.172544
0.169422
0.170485
0.16707
0.167429
0.165918
0.319576
0.248955
0.178828
0.169752
0.167846
0.17034
0.167452
0.1708
0.170709
0.171671
0.168661
0.170241
0.169331
0.169947
0.168888
0.176834
0.159668
0.159378
0.161659
0.162946
0.161106
0.160774
0.157779
0.158303
0.157143
0.158073
0.156505
0.1575
0.155744
0.159204
0.155924
0.157894
0.156596
0.160887
0.159454
0.160246
0.15694
0.157291
0.156035
0.166497
0.165027
0.166087
0.29622
0.17458
0.186479
0.183463
0.185429
0.174012
0.194463
0.173784
0.174563
0.163358
0.165494
0.164057
0.165155
0.163581
0.165691
0.153106
0.155366
0.154405
0.154912
0.152967
0.154921
0.153371
0.15504
0.153039
0.155682
0.163938
0.165742
0.163759
0.166355
0.163286
0.442903
0.242267
0.164213
0.165151
0.163351
0.164373
0.163305
0.165301
0.163326
0.165056
0.162905
0.154264
0.152461
0.154479
0.152692
0.155532
0.1527
0.154528
0.15245
0.154479
0.153273
0.154452
0.152867
0.154613
0.154345
0.155059
0.153661
0.15521
0.153134
0.153354
0.153101
0.153936
0.153462
0.16438
0.162102
0.173461
0.200269
0.173297
0.163117
0.161268
0.162634
0.165143
0.167238
0.164212
0.163668
0.161596
0.154908
0.153406
0.154162
0.15281
0.156025
0.155474
0.15643
0.155741
0.153794
0.15245
0.156668
0.161469
0.159139
0.153099
0.155731
0.167853
0.167055
0.164021
0.172567
0.162395
0.166212
0.161932
0.169875
0.167358
0.168195
0.163432
0.164477
