0.127169
0.093581
0.094468
0.091624
0.097476
0.099066
0.095695
0.092668
0.092476
0.093881
0.091361
0.09373
0.09496
0.092251
0.094412
0.095433
0.09931
0.102746
0.100085
0.093574
0.095732
0.093718
0.092497
0.093797
0.092256
0.091462
0.094446
0.091818
0.090864
0.093499
0.092343
0.091171
0.093526
0.092127
0.091458
0.092913
0.092291
0.091489
0.093079
0.097499
0.099659
0.098873
0.108279
0.102118
0.09521
0.092569
0.095103
0.09569
0.103212
0.102997
0.104863
0.106579
0.098562
0.096238
0.09298
0.096485
0.096677
0.094626
0.096363
0.093339
0.092602
0.095566
0.096582
0.096458
0.098761
0.096408
0.095513
0.092775
0.092267
0.09417
0.093063
0.171747
0.128379
0.093172
0.093532
0.09239
0.093812
0.09354
0.091717
0.093387
0.098882
0.097473
0.099815
0.097967
0.099559
0.098029
0.097184
0.099504
0.098436
0.099751
0.097853
0.097653
0.099602
0.097866
0.093178
0.09213
0.091838
0.093057
0.092279
0.091146
0.092593
0.092651
0.091142
0.093971
0.091834
0.09105
0.093905
0.093099
0.095443
0.096943
0.09678
0.09815
0.097655
0.096904
0.097233
0.097927
0.098291
0.099588
0.094808
0.09521
0.096574
0.095261
0.093678
0.091879
0.092575
0.09207
0.091098
0.09542
0.097089
0.096207
0.098591
0.099901
0.096721
0.093231
0.092247
0.093625
0.092458
0.091453
0.092646
0.091727
0.090979
0.093638
0.092004
0.20476
0.12665
0.091976
0.094979
0.09794
0.09789
0.093063
0.100567
0.099465
0.10185
0.104063
0.106234
0.101439
0.092565
0.093847
0.092243
0.093491
0.09269
0.091407
0.093197
0.092005
0.090555
0.092771
0.091519
0.091566
0.09212
0.091923
0.090379
0.093452
0.092003
0.090577
0.092644
0.091571
0.092987
0.096302
0.098155
0.096935
0.09442
0.092424
0.092781
0.092881
0.094718
0.093392
0.09231
0.091942
0.092728
0.091885
0.091058
0.092375
0.092307
0.091489
0.09275
0.091482
0.091007
0.092689
0.09172
0.09095
0.09289
0.095779
0.091102
0.093733
0.09163
0.091468
0.09284
0.091254
0.091081
0.092211
0.091665
0.091042
0.093381
0.091541
0.091115
0.222974
0.118991
0.090948
0.0919
0.090755
0.092536
0.091442
0.090692
0.092816
0.091618
0.090187
0.09162
0.091438
0.090299
0.091862
0.09108
0.095932
0.097966
0.096259
0.095537
0.097924
0.095713
0.095371
0.097385
0.095813
0.095616
0.097819
0.096039
0.095176
0.097122
0.095916
0.095129
0.097614
0.095816
0.095291
0.091435
0.09011
0.089481
0.091349
0.090663
0.095283
0.097598
0.09574
0.095348
0.09177
0.090161
0.089621
0.091138
0.09022
0.089419
0.090978
0.090214
0.089338
0.090429
0.089988
0.088972
0.090331
0.090153
0.089423
0.091078
0.091319
0.090004
0.091068
0.08957
0.088682
0.090237
0.090056
0.08946
0.090904
0.090268
0.089135
0.091501
0.090475
