15.0655 0.0042275
15.0655 0.00424787
15.0655 0.00426357
15.0655 0.00427412
15.0655 0.00427931
15.0655 0.0042789
15.0655 0.00427264
15.0655 0.00426023
15.0655 0.00424141
15.0655 0.00421593
15.0655 0.00418361
15.0655 0.00414431
15.0655 0.00409795
15.0655 0.00404452
15.0655 0.00398407
15.0655 0.00391671
15.0655 0.00384261
15.0655 0.00376196
15.0655 0.00367502
15.0655 0.00358208
15.0654 0.00348344
15.0654 0.00337945
15.0654 0.00327045
15.0654 0.00315682
15.0654 0.00303892
15.0654 0.00291719
15.0654 0.00279308
15.0654 0.00266791
15.0654 0.0025419
15.0653 0.00241534
15.0653 0.00228846
15.0653 0.00216172
15.0653 0.0020353
15.0653 0.00190926
15.0653 0.0017838
15.0653 0.00165948
15.0653 0.00153615
15.0652 0.00141392
15.0652 0.00129322
15.0652 0.00117405
15.0652 0.00105636
15.0652 0.000940572
15.0652 0.000826604
15.0652 0.000714391
15.0652 0.000604414
15.0651 0.000496364
15.0651 0.000390356
15.0651 0.000286686
15.0651 0.00018509
15.0651 8.63669e-05
15.0651 1.1226e-05
15.0651 8.27223e-07
15.0651 4.06603e-07
15.0651 2.7673e-07
15.0651 2.09922e-07
15.0651 1.69213e-07
15.065 1.41873e-07
15.065 1.22433e-07
15.065 1.08173e-07
15.065 9.80072e-08
15.065 9.21113e-08
15.065 4.68793e-08
15.065 1.56672e-07
15.0651 6.6156e-07
15.0651 0.000159631
15.0652 0.000668959
15.0652 0.000930736
15.0652 0.000928363
15.0652 0.000759642
15.0652 0.000520417
15.0651 0.000269482
15.1651 826.991
15.0615 0
15.0612 0
15.0609 0
15.0606 0
15.0604 0
15.0602 0
15.06 0
15.0598 0
15.0596 0
15.0595 0
15.0593 0
15.0592 0
15.0591 0
15.059 0
15.0589 0
15.0588 0
15.0587 0
15.0586 0
15.0586 0
15.0585 0
15.0585 0
15.0585 0
15.0585 0
15.0585 0
15.0585 0
15.0585 0
15.0585 0
15.0585 0
15.0585 0
15.0586 0
15.0586 0
15.0587 0
15.0587 0
15.0588 0
15.0589 0
15.059 0
15.0591 0
15.0592 0
15.0594 0
15.0608 0
15.0609 1.99365e-08
15.0609 0
15.0609 0
15.0609 0
15.0609 0
15.061 0
15.061 0
15.061 0
15.0611 0
15.0611 0
15.0612 0
15.0612 0
15.0613 0
15.0614 0
15.0615 0
15.0616 0
15.0617 0
15.0618 0
15.0619 0
15.062 0
15.0621 0
15.0622 0
15.0623 1.26102e-09
15.0623 2.03043e-09
15.0624 4.7803e-10
15.0625 0
15.0625 0
15.0626 0
15.0626 0
15.0626 0
15.0627 0
15.1651 732.464
15.0636 0
15.0634 0
15.0632 0
15.0631 0
15.0629 0
15.0627 0
15.0626 0
15.0625 0
15.0623 0
15.0622 0
15.0621 0
15.062 0
15.0619 0
15.0618 0
15.0617 0
15.0616 0
15.0615 0
15.0615 0
15.0614 0
15.0613 0
15.0613 0
15.0612 0
15.0612 0
15.0612 0
15.0611 0
15.0611 0
15.0611 0
15.0611 0
15.0611 0
15.0611 0
15.0611 0
15.0611 0
15.0611 0
15.0611 0
15.0611 0
15.0611 0
15.0611 0
15.0612 0
15.0612 0
15.0612 0
15.0612 0
15.0992 0.362231
15.09 0.256805
15.0802 0.152584
15.0721 0.0700303
15.0667 0.0157708
15.0638 0
15.0631 0
15.0628 0
15.0627 0
15.0626 0
15.0625 0
15.0624 0
15.0624 0
15.0624 0
15.0624 0
15.0624 0
15.0624 0
15.0624 0
15.0624 0
15.0625 0
15.0625 0
15.0625 0
15.0626 0
15.0626 0
15.0626 0
15.0627 0
15.0627 0
15.0628 0
15.0628 0
15.0629 0
15.1651 1098.05
15.0553 0
15.0549 0
15.0545 0
15.0541 0
15.0538 0
15.0535 0
15.0532 0
15.0529 0
15.0526 0
15.0524 0
15.0521 0
15.0519 0
15.0517 0
15.0516 0
15.0514 0
15.0513 0
15.0512 0
15.0511 0
15.0511 0
15.051 0
15.051 0
15.051 0
15.051 0
15.0511 0
15.0512 0
15.0512 0
15.0514 0
15.0515 0
15.0516 0
15.0518 0
15.052 0
15.0522 0
15.0524 0
15.0526 0
15.0531 0
15.0555 0
15.0556 3.64082e-09
15.0557 0
15.0558 0
15.0558 0
15.056 0
15.0561 0
15.0562 0
15.0564 0
15.0566 0
15.0568 0
15.057 0
15.0572 0
15.0575 0
15.0577 0
15.058 0
15.0582 0
15.0585 0
15.0588 0
15.059 0
15.0593 0
15.0596 0
15.0598 0
15.06 0
15.0603 0
15.0605 0
15.0607 0
15.0609 0
15.061 0
15.0612 0
15.0614 0
15.0615 0
15.0616 0
15.0618 0
15.0619 0
15.062 0
15.0621 0
