0 0 664.584 664.584 63.6112 36.0207 6.28367 0.0376654 0.0052789 0.14319 6
0 0 684.673 665.395 63.6116 36.0202 6.28552 0.0376655 0.00527908 0.143192 5.99997
0 0 703.183 667.659 63.6116 36.02 6.29545 0.0376669 0.00528097 0.14321 5.99997
0 0 720.237 671.141 63.6106 36.0199 6.31601 0.0376716 0.00528696 0.14327 5.99994
0 0 735.95 675.636 63.6071 36.0202 6.34705 0.0376821 0.00529884 0.143398 5.99982
0 0 750.428 680.963 63.5993 36.021 6.38747 0.0377003 0.0053175 0.143614 5.99947
0 0 763.767 686.964 63.5851 36.0227 6.43588 0.0377279 0.00534312 0.143933 5.99875
0 0 776.058 693.5 63.5625 36.0254 6.49089 0.0377663 0.00537537 0.144361 5.99748
0 0 787.382 700.449 63.5293 36.0295 6.5512 0.0378163 0.00541364 0.144904 5.99548
0 0 797.815 707.706 63.4838 36.035 6.61568 0.0378787 0.00545716 0.145559 5.99254
0 0 807.428 715.179 63.4243 36.042 6.68328 0.0379536 0.00550513 0.146323 5.98851
0 0 816.285 722.791 63.3495 36.0505 6.75314 0.0380414 0.00555671 0.14719 5.98322
0 0 824.445 730.472 63.2582 36.0604 6.82447 0.0381418 0.00561116 0.148151 5.97655
0 0 831.963 738.165 63.1497 36.0715 6.89662 0.0382548 0.00566777 0.149199 5.96838
0 0 838.89 745.82 63.0234 36.0835 6.96901 0.0383799 0.00572589 0.150323 5.95863
0 0 845.272 753.396 62.879 36.0961 7.04117 0.0385167 0.00578498 0.151515 5.94724
0 0 851.152 760.858 62.7163 36.1089 7.11267 0.0386646 0.00584452 0.152763 5.93417
0 0 856.569 768.176 62.5355 36.1215 7.18318 0.038823 0.0059041 0.154058 5.9194
0 0 861.56 775.328 62.3367 36.1335 7.25241 0.0389913 0.00596335 0.155392 5.90292
0 0 866.157 782.294 62.1203 36.1443 7.32013 0.0391688 0.00602196 0.156754 5.88476
0 0 870.393 789.06 61.8868 36.1537 7.38614 0.0393547 0.00607966 0.158137 5.86493
0 0 874.295 795.613 61.6368 36.161 7.45029 0.0395484 0.00613623 0.159533 5.84349
0 0 877.89 801.945 61.3709 36.166 7.51247 0.0397491 0.0061915 0.160934 5.82048
0 0 881.202 808.05 61.09 36.168 7.57259 0.039956 0.00624532 0.162334 5.79596
0 0 884.252 813.925 60.7947 36.1669 7.63059 0.0401686 0.00629758 0.163727 5.77
0 0 887.062 819.569 60.486 36.1621 7.68644 0.040386 0.00634819 0.165108 5.74266
0 0 889.651 824.98 60.1646 36.1533 7.7401 0.0406076 0.00639709 0.166472 5.71403
0 0 892.035 830.162 59.8314 36.1403 7.79158 0.0408327 0.00644423 0.167815 5.68418
0 0 894.231 835.116 59.4875 36.1228 7.8409 0.0410608 0.00648959 0.169132 5.6532
0 0 896.254 839.846 59.134 36.1005 7.88806 0.0412911 0.00653315 0.170422 5.62118
0 0 898.117 844.356 58.7718 36.0734 7.93311 0.0415232 0.00657492 0.171681 5.58822
0 0 899.833 848.653 58.402 36.0413 7.97608 0.0417565 0.00661491 0.172908 5.55441
0 0 901.413 852.741 58.0256 36.0042 8.01702 0.0419905 0.00665314 0.174099 5.51985
0 0 902.869 856.627 57.6436 35.9621 8.05599 0.0422247 0.00668963 0.175255 5.48463
0 0 904.209 860.317 57.2568 35.9151 8.09304 0.0424586 0.00672444 0.176374 5.44885
0 0 905.443 863.818 56.8662 35.8631 8.12823 0.0426919 0.00675759 0.177455 5.4126
0 0 906.58 867.137 56.4726 35.8063 8.16163 0.0429241 0.00678912 0.178497 5.37594
0 0 907.626 870.281 56.0767 35.7448 8.1933 0.043155 0.0068191 0.179501 5.33897
0 0 908.59 873.256 55.6792 35.6787 8.2233 0.043384 0.00684757 0.180467 5.30176
0 0 909.477 876.07 55.2808 35.608 8.2517 0.0436111 0.00687457 0.181394 5.26437
0 0 910.294 878.73 54.8821 35.533 8.27857 0.0438358 0.00690017 0.182283 5.22688
0 0 911.046 881.242 54.4837 35.4538 8.30396 0.0440579 0.00692441 0.183135 5.18933
0 0 911.738 883.614 54.0861 35.3706 8.32795 0.0442772 0.00694736 0.183949 5.15178
0 0 912.375 885.851 53.6899 35.2834 8.35061 0.0444935 0.00696906 0.184727 5.1143
0 0 912.961 887.96 53.2954 35.1926 8.37198 0.0447066 0.00698957 0.18547 5.07692
0 0 913.501 889.948 52.9031 35.0983 8.39213 0.0449163 0.00700894 0.186179 5.03969
0 0 913.998 891.82 52.5134 35.0006 8.41112 0.0451226 0.00702723 0.186854 5.00265
0 0 914.455 893.582 52.1266 34.8998 8.42902 0.0453252 0.00704448 0.187496 4.96583
0 0 914.876 895.241 51.743 34.796 8.44586 0.0455241 0.00706074 0.188107 4.92928
0 0 915.263 896.8 51.363 34.6895 8.46171 0.0457191 0.00707606 0.188687 4.89303
0 0 915.619 898.266 50.9868 34.5803 8.47662 0.0459103 0.0070905 0.189238 4.85709
0 0 915.947 899.644 50.6146 34.4688 8.49064 0.0460975 0.00710408 0.189761 4.8215
0 0 916.248 900.938 50.2466 34.355 8.50382 0.0462807 0.00711687 0.190256 4.78628
0 0 916.526 902.153 49.8831 34.2393 8.51619 0.0464599 0.00712889 0.190726 4.75146
0 0 916.783 903.294 49.5241 34.1217 8.52781 0.046635 0.00714019 0.19117 4.71704
0 0 917.019 904.364 49.1699 34.0024 8.53872 0.046806 0.00715081 0.19159 4.68305
0 0 917.236 905.368 48.8205 33.8817 8.54896 0.0469729 0.00716078 0.191987 4.6495
0 0 917.436 906.309 48.4762 33.7596 8.55857 0.0471358 0.00717015 0.192363 4.6164
0 0 917.621 907.191 48.1371 33.6364 8.56757 0.0472946 0.00717894 0.192717 4.58378
0 0 917.79 908.018 47.8036 33.5123 8.57602 0.0474494 0.00718719 0.193052 4.55164
0 0 917.947 908.793 47.4831 33.3879 8.58393 0.0476001 0.00719493 0.193368 4.52014
0 0 918.091 909.519 47.1923 33.2669 8.59134 0.0477469 0.00720218 0.193665 4.49012
0 0 918.224 910.198 46.9331 33.1534 8.59829 0.0478898 0.00720899 0.193946 4.46232
0 0 918.346 910.834 46.716 33.0515 8.60479 0.0480288 0.00721536 0.19421 4.43739
0 0 918.459 911.429 46.5642 32.9677 8.61088 0.048164 0.00722133 0.194459 4.41649
0 0 918.565 911.986 46.5126 32.9129 8.61658 0.0482953 0.00722692 0.194693 4.4017
0 0 918.664 912.508 46.5864 32.9016 8.62191 0.048423 0.00723216 0.194913 4.39559
0 0 918.757 912.996 46.7727 32.9456 8.6269 0.0485469 0.00723706 0.195121 4.39963
0 0 918.843 913.452 47.023 33.0466 8.63157 0.0486673 0.00724165 0.195315 4.4128
0 0 918.921 913.879 47.2816 33.1947 8.63594 0.0487842 0.00724595 0.195498 4.4319
0 0 918.992 914.278 47.5061 33.3725 8.64003 0.0488976 0.00724997 0.19567 4.45297
0 0 919.056 914.652 47.6725 33.561 8.64386 0.0490075 0.00725373 0.195832 4.47254
251.755 12.2498 4889.76 1075.37 48.1595 33.7661 9.01175 0.0491362 0.00729068 0.196273 4.49426
228.038 33.6592 4577.58 1362.69 50.1944 34.1965 10.6132 0.0494859 0.00763388 0.199585 4.56998
206.554 50.926 4289.95 1603.86 53.4128 35.1064 12.7166 0.0502587 0.00844744 0.208077 4.74269
187.095 64.6407 4024.93 1804.37 57.211 36.5854 14.7925 0.0514823 0.00961325 0.221639 5.00242
169.469 75.3194 3780.74 1969.11 61.1617 38.6232 16.6487 0.0531077 0.0109569 0.239208 5.31966
153.504 83.4123 3555.76 2102.47 64.9675 41.154 18.2301 0.0550619 0.0123345 0.25953 5.66298
139.042 89.3118 3348.47 2208.38 68.4286 44.0811 19.5365 0.0572694 0.0136484 0.281446 6.00558
125.943 93.3595 3157.47 2290.31 71.4202 47.2924 20.588 0.0596604 0.0148402 0.303979 6.32699
114.078 95.8519 2981.5 2351.39 73.8751 50.672 21.4112 0.0621728 0.0158807 0.326349 6.61299
103.331 97.0461 2819.36 2394.38 75.7696 54.1082 22.033 0.0647535 0.0167595 0.347951 6.85477
93.5965 97.1645 2669.96 2421.77 77.1125 57.4998 22.4791 0.0673571 0.0174782 0.368337 7.04792
84.7789 96.3993 2532.32 2435.72 77.935 60.7598 22.7728 0.0699455 0.0180452 0.387186 7.19144
76.792 94.916 2405.49 2438.2 78.2829 63.8175 22.9352 0.0724871 0.0184727 0.404282 7.28686
69.5576 92.8565 2288.64 2430.91 78.2105 66.6189 22.9851 0.0749562 0.0187747 0.419497 7.33742
63.0046 90.3427 2180.98 2415.37 77.7755 69.1262 22.9391 0.0773319 0.0189652 0.432767 7.34746
57.069 87.4784 2081.78 2392.93 77.0354 71.3159 22.812 0.0795976 0.0190581 0.444084 7.32191
51.6926 84.352 1990.38 2364.78 76.0448 73.1775 22.6168 0.0817407 0.0190663 0.453483 7.26589
46.8228 81.0382 1906.17 2331.94 74.8545 74.7108 22.365 0.0837515 0.0190018 0.461026 7.18444
42.4116 77.6002 1828.58 2295.32 73.5096 75.9239 22.0667 0.0856236 0.0188756 0.466802 7.0823
38.4161 74.0907 1757.09 2255.74 72.0501 76.8312 21.7308 0.0873526 0.0186974 0.470914 6.96382
34.797 70.5538 1691.22 2213.87 70.5104 77.4515 21.365 0.0889363 0.0184761 0.473478 6.83289
31.5188 67.0257 1630.53 2170.32 68.9206 77.807 20.9762 0.0903742 0.0182193 0.474614 6.69293
28.5494 63.5361 1574.61 2125.62 67.3061 77.9214 20.5701 0.0916674 0.0179339 0.474447 6.54693
25.8598 60.1092 1523.09 2080.21 65.6879 77.8196 20.152 0.0928179 0.017626 0.4731 6.39745
23.4236 56.7641 1475.62 2034.48 64.0831 77.5265 19.7261 0.0938289 0.0173009 0.470696 6.24662
21.2169 53.5158 1431.88 1988.77 62.5051 77.066 19.2964 0.0947045 0.016963 0.467353 6.09621
19.2181 50.3757 1391.58 1943.36 60.9644 76.461 18.8661 0.0954492 0.0166166 0.463185 5.94762
17.4076 47.3523 1354.45 1898.47 59.4689 75.7329 18.4378 0.0960682 0.0162649 0.458299 5.80199
15.7676 44.4514 1320.24 1854.31 58.0244 74.9013 18.0141 0.096567 0.0159109 0.452798 5.66016
14.2822 41.6769 1288.72 1811.05 56.635 73.984 17.5967 0.0969514 0.0155572 0.446774 5.52278
12.9367 39.0306 1259.68 1768.8 55.3034 72.9972 17.1873 0.0972274 0.0152059 0.440317 5.39033
11.7179 36.513 1232.92 1727.69 54.0313 71.9552 16.7872 0.097401 0.0148588 0.433507 5.26314
10.614 34.1234 1208.27 1687.79 52.8195 70.8711 16.3976 0.0974784 0.0145174 0.426418 5.14141
9.61407 31.8599 1185.56 1649.17 51.6682 69.7563 16.0191 0.0974657 0.014183 0.419116 5.02528
8.70835 29.7201 1164.63 1611.87 50.5772 68.6208 15.6526 0.0973689 0.0138566 0.411663 4.91479
7.88794 27.7007 1145.35 1575.92 49.5459 67.4737 15.2984 0.097194 0.013539 0.404114 4.80996
7.14483 25.798 1127.58 1541.35 48.5739 66.3229 14.9569 0.0969467 0.0132308 0.396516 4.71076
6.47173 24.008 1111.21 1508.15 47.6611 65.1756 14.6282 0.0966327 0.0129325 0.388914 4.61715
5.86203 22.3262 1096.13 1476.33 46.8428 64.0443 14.3125 0.0962575 0.0126445 0.381346 4.52989
5.30978 20.7483 1082.24 1445.87 46.1561 62.956 14.0097 0.0958263 0.0123669 0.373845 4.4514
4.80955 19.2695 1069.44 1416.76 45.9165 61.9795 13.7199 0.0953441 0.0121 0.36644 4.38935
4.35645 17.8852 1057.66 1388.98 46.707 61.4015 13.4427 0.0948159 0.0118438 0.359155 4.3776
3.94603 16.5907 1046.8 1362.49 47.8656 61.371 13.1781 0.0942462 0.0115982 0.352014 4.42429
3.57428 15.3814 1036.79 1337.26 48.9873 61.7494 12.9257 0.0936394 0.0113631 0.345032 4.50365
3.23756 14.2527 1027.57 1313.26 49.9214 62.3484 12.6852 0.0929996 0.0111385 0.338225 4.5921
2.93255 13.2001 1019.07 1290.45 50.6158 63.0009 12.4565 0.0923309 0.0109241 0.331605 4.67374
2.65628 12.2194 1011.25 1268.8 51.0769 63.5866 12.239 0.0916368 0.0107197 0.325182 4.74031
2.40603 11.3063 1004.03 1248.26 51.3334 64.0317 12.0325 0.0909209 0.010525 0.318963 4.7889
2.17936 10.4568 997.391 1228.78 51.4198 64.2997 11.8365 0.0901864 0.0103399 0.312952 4.81978
1.97405 9.66697 991.269 1210.34 51.3702 64.3796 11.6507 0.0894365 0.010164 0.307154 4.83479
1.78808 8.93318 985.629 1192.89 51.2148 64.2779 11.4747 0.0886738 0.00999691 0.301571 4.83638
1.61962 8.25186 980.433 1176.38 50.9798 64.0107 11.3081 0.0879012 0.00983845 0.296202 4.82711
1.46704 7.61962 975.646 1160.78 50.6873 63.5996 11.1505 0.0871211 0.00968826 0.291048 4.80937
1.32883 7.03327 971.235 1146.05 50.3556 63.0678 11.0015 0.0863357 0.00954602 0.286106 4.78529
1.20365 6.48977 967.172 1132.14 50.0003 62.4389 10.8608 0.0855472 0.00941141 0.281374 4.75671
1.09025 5.98625 963.428 1119.01 49.6345 61.7349 10.7279 0.0847576 0.00928411 0.276848 4.72519
0.987541 5.52001 959.98 1106.64 49.2703 60.9765 10.6026 0.0839685 0.00916379 0.272526 4.6921
0.894506 5.08849 956.803 1094.98 48.9197 60.1828 10.4844 0.0831817 0.00905016 0.268401 4.65867
0.810236 4.68928 953.876 1084 48.596 59.3721 10.3729 0.0823986 0.0089429 0.264469 4.62612
0.733905 4.32012 951.18 1073.66 48.3149 58.5622 10.268 0.0816206 0.00884172 0.260724 4.59575
0.664764 3.97891 948.697 1063.93 48.0943 57.7719 10.1691 0.080849 0.00874631 0.257161 4.56902
0.602138 3.66364 946.409 1054.77 47.951 57.0198 10.0761 0.0800849 0.00865641 0.253775 4.54749
0.545411 3.37246 944.302 1046.17 47.8961 56.324 9.98862 0.0793291 0.00857172 0.250558 4.53262
0.494029 3.10363 942.361 1038.08 47.9275 55.6981 9.90634 0.0785828 0.008492 0.247506 4.5253
0.447487 2.85551 940.572 1030.48 48.0267 55.1476 9.82899 0.0778466 0.00841698 0.244611 4.52538
0.40533 2.62661 938.925 1023.34 48.1646 54.668 9.75632 0.0771213 0.00834642 0.241868 4.53154
0.367144 2.41548 937.407 1016.64 48.3106 54.2457 9.68807 0.0764074 0.00828007 0.23927 4.54165
0.332556 2.22083 936.009 1010.36 48.4402 53.8627 9.62399 0.0757056 0.00821772 0.236812 4.5533
0.301226 2.04141 934.721 1004.46 48.5379 53.4998 9.56385 0.0750163 0.00815914 0.234487 4.56441
0.272848 1.87609 933.535 998.928 48.5965 53.1407 9.50742 0.0743398 0.00810413 0.232289 4.57345
0.247144 1.7238 932.442 993.742 48.6149 52.773 9.4545 0.0736766 0.00805249 0.230213 4.57952
0.223861 1.58355 931.435 988.881 48.5965 52.3889 9.40488 0.0730268 0.00800403 0.228254 4.58226
302.309 16.1541 4447.37 1126.37 48.994 52.023 9.68105 0.0724102 0.00798817 0.226661 4.58875
273.829 41.7266 4169.99 1376.3 51.1715 52.0303 11.053 0.0720062 0.0082466 0.227725 4.65945
248.032 62.3374 3914.41 1585.65 54.6271 52.7748 12.8723 0.0719937 0.00892449 0.233484 4.84003
224.665 78.6945 3678.93 1759.25 58.6816 54.316 14.6703 0.0723974 0.00991706 0.243836 5.11591
203.5 91.4163 3461.97 1901.43 62.9001 56.5674 16.2761 0.0731737 0.0110697 0.257834 5.4538
184.328 101.043 3262.06 2016.06 66.9984 59.3874 17.641 0.0742579 0.0122548 0.274363 5.82083
166.963 108.044 3077.88 2106.6 70.7916 62.6203 18.7647 0.0755832 0.0133856 0.292391 6.19022
151.233 112.829 2908.17 2176.12 74.1642 66.1145 19.6649 0.0770874 0.0144106 0.311048 6.54214
136.986 115.754 2751.81 2227.36 77.0514 69.7324 20.3647 0.0787157 0.0153034 0.329639 6.86294
124.081 117.126 2607.74 2262.78 79.426 73.3538 20.8881 0.0804206 0.0160548 0.347624 7.14402
112.391 117.213 2475 2284.55 81.2883 76.8783 21.2577 0.0821618 0.0166662 0.364602 7.38075
101.803 116.243 2352.7 2294.58 82.6586 80.2249 21.494 0.0839053 0.0171449 0.380284 7.57154
92.2123 114.416 2240.01 2294.6 83.5708 83.3312 21.6156 0.085623 0.0175016 0.394476 7.71705
83.5251 111.902 2136.19 2286.12 84.0671 86.152 21.639 0.0872917 0.0177485 0.40706 7.81952
75.6563 108.846 2040.53 2270.46 84.1941 88.657 21.5789 0.0888928 0.0178981 0.417977 7.88223
68.5288 105.372 1952.38 2248.82 83.9998 90.8293 21.4481 0.0904112 0.0179624 0.427218 7.90912
62.0728 101.587 1871.17 2222.23 83.5312 92.6629 21.2583 0.0918356 0.017953 0.434807 7.9044
56.225 97.5798 1796.35 2191.61 82.8328 94.1604 21.0195 0.0931571 0.0178803 0.4408 7.87234
50.9281 93.4261 1727.41 2157.74 81.9457 95.3317 20.7405 0.0943696 0.0177539 0.445271 7.81709
46.1303 89.189 1663.88 2121.34 80.9071 96.1917 20.4293 0.095469 0.0175824 0.448309 7.74252
41.7844 84.921 1605.36 2083.01 79.7499 96.7589 20.0925 0.096453 0.0173736 0.450014 7.65222
37.8479 80.6656 1551.43 2043.27 78.5028 97.0544 19.7361 0.097321 0.0171343 0.450491 7.5494
34.2823 76.4583 1501.75 2002.59 77.1908 97.1005 19.3652 0.0980735 0.0168705 0.449847 7.43689
31.0526 72.3279 1455.97 1961.36 75.835 96.9201 18.9845 0.0987121 0.0165875 0.44819 7.31717
28.1272 68.297 1413.79 1919.92 74.4537 96.5359 18.5976 0.0992393 0.0162899 0.445627 7.19237
25.4774 64.3837 1374.92 1878.55 73.0625 95.9706 18.208 0.0996583 0.0159817 0.442261 7.06436
23.0772 60.6016 1339.12 1837.5 71.6744 95.2458 17.8184 0.0999729 0.0156664 0.43819 6.93469
20.9031 56.9607 1306.13 1796.98 70.3 94.3822 17.4312 0.100187 0.0153471 0.433509 6.80471
18.9339 53.468 1275.73 1757.16 68.9478 93.3992 17.0485 0.100306 0.0150263 0.428305 6.6755
17.1501 50.1278 1247.72 1718.17 67.6244 92.3148 16.672 0.100335 0.0147063 0.42266 6.54794
15.5344 46.9424 1221.92 1680.14 66.3349 91.1455 16.303 0.100277 0.0143888 0.416652 6.42275
14.071 43.9123 1198.14 1643.15 65.083 89.9061 15.9428 0.100139 0.0140755 0.41035 6.30046
12.7454 41.0365 1176.23 1607.27 63.8715 88.6101 15.5921 0.0999256 0.0137676 0.403819 6.1815
11.5446 38.3128 1156.05 1572.56 62.7021 87.2696 15.2518 0.0996418 0.0134663 0.397116 6.06618
10.457 35.7381 1137.45 1539.06 61.576 85.8951 14.9224 0.0992926 0.0131724 0.390295 5.9547
9.47189 33.3084 1120.32 1506.79 60.4936 84.4963 14.6042 0.0988832 0.0128867 0.383403 5.8472
8.57955 31.0194 1104.53 1475.76 59.455 83.0814 14.2975 0.0984183 0.0126096 0.376482 5.74377
7.77128 28.866 1089.98 1445.99 57.7839 80.6196 14.0026 0.0979028 0.0123415 0.369571 5.63662
7.03916 26.8431 1076.58 1417.45 52.0465 79.5279 13.7193 0.0973411 0.0120828 0.3627 5.38671
6.37601 24.9451 1064.24 1390.15 46.654 77.0274 13.4478 0.0967378 0.0118337 0.355901 4.97997
5.77534 23.1665 1052.86 1364.06 42.4153 73.3722 13.188 0.096097 0.0115942 0.349197 4.55362
5.23125 21.5017 1042.38 1339.17 38.8162 69.3804 12.9396 0.0954228 0.0113643 0.34261 4.16068
4.73842 19.9449 1034.64 1315.52 37.5345 65.7158 12.7026 0.0947191 0.0111441 0.336158 3.83846
4.29202 18.4906 1026.96 1293.12 42.2944 65.2396 12.4774 0.0939896 0.0109336 0.329858 3.79903
3.88767 17.1333 1019.34 1271.89 48.2895 69.3672 12.2638 0.0932379 0.0107328 0.323725 4.06878
3.52142 15.8676 1011.88 1251.73 53.1513 76.6267 12.0611 0.0924674 0.0105416 0.317769 4.46609
3.18967 14.6883 1004.72 1232.58 56.3032 85.1877 11.8686 0.0916813 0.0103598 0.312 4.84898
2.88918 13.5904 998.036 1214.39 58.2162 94.737 11.6858 0.0908823 0.0101869 0.306421 5.14603
2.61699 12.569 991.874 1197.13 60.3583 103.447 11.5123 0.0900732 0.0100227 0.301038 5.38578
2.37045 11.6195 986.195 1180.76 62.5587 110.311 11.3476 0.0892564 0.0098667 0.295849 5.60953
2.14713 10.7373 980.961 1165.25 64.4211 115.404 11.1914 0.0884341 0.00971857 0.290857 5.81628
1.94485 9.91817 976.139 1150.57 65.8295 118.895 11.0434 0.0876084 0.00957799 0.28606 5.99413
1.76163 9.1581 971.695 1136.67 66.8025 120.977 10.9033 0.0867813 0.00944466 0.281457 6.13598
1.59567 8.45321 967.6 1123.53 67.4006 121.853 10.7706 0.0859545 0.00931828 0.277045 6.24078
1.44534 7.79986 963.828 1111.12 67.6911 121.725 10.6452 0.0851298 0.00919858 0.272821 6.31129
1.30918 7.19458 960.351 1099.4 67.7367 120.784 10.5266 0.0843087 0.00908526 0.268782 6.35207
1.18584 6.63412 957.148 1088.34 67.5918 119.201 10.4147 0.0834924 0.00897807 0.264923 6.36816
1.07413 6.11541 954.197 1077.9 67.3026 117.129 10.309 0.0826824 0.00887673 0.261241 6.36441
0.972936 5.63556 951.478 1068.06 66.9065 114.695 10.2093 0.0818798 0.00878099 0.257731 6.34517
0.881277 5.19184 948.973 1058.8 66.4335 112.008 10.1153 0.0810856 0.00869059 0.254387 6.31415
0.798253 4.78171 946.666 1050.07 65.9073 109.157 10.0268 0.0803008 0.00860528 0.251205 6.27441
0.72305 4.40277 944.539 1041.85 65.3464 106.213 9.94334 0.0795262 0.00852481 0.248179 6.22844
0.654933 4.05279 942.58 1034.12 64.7651 103.232 9.8648 0.0787625 0.00844896 0.245304 6.1782
0.593232 3.72968 940.776 1026.85 64.1742 100.259 9.79089 0.0780105 0.0083775 0.242575 6.12525
0.537345 3.43148 939.113 1020.01 63.5818 97.326 9.72138 0.0772707 0.0083102 0.239986 6.07076
0.486722 3.15637 937.581 1013.59 62.9937 94.4588 9.65602 0.0765436 0.00824685 0.237531 6.01564
0.440869 2.90263 936.17 1007.56 62.4143 91.6747 9.5946 0.0758296 0.00818725 0.235205 5.96057
0.399335 2.66869 934.87 1001.89 61.8463 88.9859 9.5369 0.0751292 0.0081312 0.233004 5.90602
0.361714 2.45307 933.673 996.573 61.2915 86.4002 9.48271 0.0744426 0.0080785 0.230921 5.85235
0.327638 2.25439 932.57 991.582 60.7511 83.9218 9.43183 0.0737701 0.00802899 0.228951 5.79978
0.296771 2.07137 931.554 986.901 60.2255 81.5525 9.38409 0.0731119 0.00798247 0.227089 5.74847
0.268813 1.90283 930.618 982.511 59.7148 79.292 9.33931 0.0724681 0.0079388 0.225331 5.69848
352.701 18.8973 6201.68 1191.32 59.7356 77.1894 9.78102 0.071868 0.00794218 0.224055 5.65797
319.473 48.7277 5786.31 1568.51 61.8016 75.6895 11.8635 0.0715804 0.00835503 0.226698 5.69531
289.376 72.7698 5403.6 1884.71 65.2199 75.1845 14.6151 0.0718733 0.00939504 0.236318 5.85752
262.114 91.8495 5050.98 2147.16 69.1339 75.6719 17.333 0.0727836 0.0109053 0.252766 6.12051
237.421 106.688 4726.09 2362.37 73.0059 76.9972 19.7614 0.074246 0.012654 0.274624 6.43989
215.054 117.916 4426.74 2536.14 76.5011 78.9621 21.8273 0.0761633 0.01445 0.300224 6.77392
194.794 126.082 4150.93 2673.66 79.4238 81.3625 23.5303 0.0784352 0.0161635 0.328022 7.09028
176.443 131.662 3896.81 2779.56 81.6768 84.0061 24.8969 0.0809686 0.0177169 0.356717 7.36682
159.82 135.072 3662.66 2857.95 83.2328 86.7217 25.9622 0.0836812 0.0190712 0.385268 7.59026
144.764 136.671 3446.93 2912.51 84.1131 89.3649 26.7619 0.086502 0.0202126 0.412869 7.7544
131.126 136.77 3248.16 2946.51 84.3703 91.8206 27.33 0.0893703 0.0211429 0.43892 7.85827
118.773 135.637 3065.01 2962.83 84.0757 94.0032 27.6973 0.0922355 0.0218735 0.462992 7.90458
107.583 133.504 2896.27 2964.05 83.3092 95.8545 27.8919 0.0950553 0.0224204 0.484795 7.89845
97.4479 130.569 2740.79 2952.44 82.1524 97.3406 27.9383 0.0977952 0.0228018 0.504155 7.84632
88.2674 127.002 2597.54 2930.01 80.6836 98.4476 27.8588 0.100427 0.0230366 0.520985 7.75522
79.9519 122.948 2465.55 2898.54 78.9745 99.178 27.6728 0.102929 0.0231428 0.535271 7.63221
72.4197 118.531 2343.94 2859.58 77.0889 99.5464 27.3975 0.105283 0.0231378 0.547055 7.48395
65.5971 113.855 2231.89 2814.51 75.082 99.5756 27.0481 0.107476 0.0230374 0.55642 7.31654
59.4173 109.008 2128.65 2764.53 73.0006 99.2945 26.638 0.109501 0.0228559 0.563479 7.13537
53.8197 104.064 2033.53 2710.68 70.8843 98.7351 26.1788 0.111349 0.0226064 0.568367 6.94512
48.7494 99.0834 1945.89 2653.9 68.7653 97.9309 25.6809 0.113019 0.0223004 0.571235 6.74975
44.1568 94.1181 1865.13 2594.97 66.6691 96.9156 25.1532 0.114509 0.0219481 0.572242 6.55256
39.9968 89.2089 1790.73 2534.57 64.6157 95.7215 24.6034 0.11582 0.0215586 0.57155 6.35621
36.2288 84.3893 1722.18 2473.32 62.62 94.3791 24.0383 0.116954 0.02114 0.569322 6.16282
32.8157 79.6861 1659.02 2411.7 60.6932 92.9163 23.4636 0.117917 0.0206991 0.565718 5.97402
29.7242 75.1201 1600.83 2350.17 58.8429 91.3585 22.8844 0.118711 0.020242 0.560895 5.79104
26.9239 70.7072 1547.21 2289.08 57.0745 89.7285 22.3049 0.119344 0.0197739 0.555001 5.61477
24.3875 66.459 1497.81 2228.75 55.3913 88.0464 21.7288 0.119822 0.0192995 0.548177 5.44584
22.0899 62.3837 1452.29 2169.44 53.7949 86.3301 21.1591 0.120152 0.0188225 0.540557 5.28467
20.0089 58.4864 1410.36 2111.36 52.2861 84.5951 20.5984 0.12034 0.0183464 0.532266 5.13151
18.1239 54.7698 1371.72 2054.68 50.8647 82.8552 20.0488 0.120396 0.0178739 0.523417 4.98649
16.4164 51.2343 1336.12 1999.54 49.5302 81.1225 19.5119 0.120326 0.0174074 0.514118 4.84966
14.8699 47.8789 1303.32 1946.05 48.2819 79.4077 18.9893 0.120138 0.0169489 0.504464 4.72099
13.469 44.701 1273.1 1894.29 47.1307 77.7216 18.4819 0.119841 0.0165001 0.494545 4.60059
12.2001 41.697 1245.26 1844.32 46.1238 76.0926 17.9906 0.119442 0.0160621 0.48444 4.49039
11.0508 38.8622 1219.61 1796.18 45.2848 74.5544 17.5161 0.118948 0.0156361 0.474221 4.39249
10.0097 36.1914 1195.99 1749.89 45.184 73.2379 17.0586 0.118367 0.015223 0.463951 4.31928
9.06668 33.679 1174.23 1705.46 46.7994 72.7521 16.6186 0.117706 0.0148233 0.453687 4.32938
8.21252 31.3188 1154.17 1662.87 48.9274 73.3644 16.196 0.116972 0.0144374 0.443479 4.433
7.43883 29.1043 1135.7 1622.13 50.9229 74.7528 15.7908 0.116172 0.0140657 0.433371 4.58553
6.73802 27.0291 1118.68 1583.19 52.5395 76.507 15.403 0.115312 0.0137084 0.423401 4.74674
6.10324 25.0866 1102.99 1546.03 53.7314 78.2884 15.0322 0.114399 0.0133654 0.413601 4.89149
5.52827 23.2703 1088.54 1510.61 54.5326 79.8711 14.6783 0.113438 0.0130368 0.403998 5.00813
5.00745 21.5735 1075.23 1476.89 55.0024 81.1284 14.3408 0.112435 0.0127223 0.394616 5.09369
4.53571 19.9899 1062.97 1444.81 55.2036 82.0063 14.0194 0.111396 0.0124218 0.385474 5.14982
4.10841 18.5131 1051.67 1414.33 55.1944 82.4989 13.7136 0.110324 0.0121351 0.376588 5.18033
3.72136 17.1373 1041.26 1385.39 55.0257 82.6305 13.423 0.109226 0.0118618 0.367969 5.18971
3.37077 15.8563 1031.67 1357.95 54.7405 82.4415 13.147 0.108104 0.0116016 0.359627 5.18238
3.05322 14.6646 1022.83 1331.93 54.375 81.9796 12.8851 0.106965 0.0113541 0.351568 5.16238
2.76558 13.5567 1014.69 1307.3 53.9588 81.2944 12.6369 0.10581 0.011119 0.343797 5.13325
2.50504 12.5274 1007.19 1283.99 53.5162 80.4333 12.4018 0.104644 0.0108958 0.336315 5.09798
2.26904 11.5717 1000.29 1261.95 53.0669 79.4401 12.1793 0.103471 0.0106841 0.329124 5.05904
2.05528 10.685 993.925 1241.11 52.6263 78.3537 11.9688 0.102293 0.0104834 0.322221 5.01848
1.86165 9.86254 988.063 1221.44 52.2066 77.2077 11.7699 0.101113 0.0102934 0.315605 4.97793
1.68627 9.10025 982.664 1202.87 51.8166 76.0304 11.582 0.0999337 0.0101137 0.309271 4.93869
1.52741 8.39406 977.691 1185.36 51.4624 74.8451 11.4047 0.0987577 0.00994366 0.303215 4.90171
1.38351 7.74016 973.11 1168.84 51.1475 73.6702 11.2373 0.0975872 0.00978302 0.297432 4.8677
1.25317 7.13497 968.89 1153.28 50.8732 72.5196 11.0795 0.0964242 0.00963131 0.291914 4.83709
1.13511 6.57511 965.004 1138.63 50.6387 71.4032 10.9308 0.0952704 0.00948813 0.286655 4.81008
1.02818 6.05741 961.424 1124.83 50.4418 70.3274 10.7908 0.0941275 0.00935307 0.281648 4.7867
0.931313 5.5789 958.127 1111.85 50.2792 69.2955 10.6589 0.0929971 0.00922574 0.276885 4.76682
0.843575 5.13679 955.089 1099.64 50.1468 68.3085 10.5348 0.0918804 0.00910576 0.272359 4.75019
0.764103 4.72846 952.292 1088.16 50.0401 67.3652 10.4181 0.0907787 0.00899276 0.26806 4.73647
0.692118 4.35148 949.716 1077.37 49.9547 66.4634 10.3083 0.089693 0.00888639 0.263981 4.72529
0.626915 4.00357 947.343 1067.24 49.8862 65.5999 10.2051 0.0886243 0.00878631 0.260113 4.71623
0.567854 3.68258 945.157 1057.72 49.8305 64.7709 10.1082 0.0875734 0.00869218 0.256449 4.70892
0.514357 3.38655 943.144 1048.79 49.784 63.9724 10.0172 0.086541 0.00860369 0.252979 4.70296
0.4659 3.1136 941.29 1040.41 49.7435 63.2007 9.93178 0.0855276 0.00852053 0.249696 4.698
0.422008 2.86203 939.583 1032.54 49.7061 62.4519 9.85159 0.0845338 0.00844241 0.246591 4.69374
0.382251 2.63022 938.01 1025.17 49.6696 61.723 9.77637 0.0835601 0.00836906 0.243657 4.6899
0.34624 2.41669 936.562 1018.26 49.6321 61.0109 9.70583 0.0826066 0.00830021 0.240886 4.68625
0.313621 2.22005 935.228 1011.78 49.592 60.3131 9.63969 0.0816738 0.0082356 0.238269 4.68259
0.284075 2.03901 933.999 1005.71 49.5482 59.6278 9.5777 0.0807618 0.00817499 0.235801 4.67877
