10.0434 10.0434 0.01999 108 0 0 108
9.48859 10.0278 0.0199895 108 0 0 108
9.5194 9.99886 0.0199862 107.999 0 0 108
9.54852 9.97319 0.0199802 107.999 0 0 107.999
9.57603 9.95051 0.0199718 107.999 0 0 107.999
9.60202 9.93055 0.0199615 107.997 0 0 107.998
9.62658 9.91309 0.0199498 107.991 0 0 107.995
9.64978 9.89792 0.0199369 107.978 0 0 107.989
9.67169 9.88483 0.0199232 107.955 0 0 107.976
9.6924 9.87364 0.0199088 107.919 0 0 107.954
9.71196 9.86418 0.0198942 107.866 0 0 107.92
9.73044 9.85629 0.0198794 107.793 0 0 107.87
9.7479 9.84983 0.0198647 107.698 0 0 107.801
9.76439 9.84466 0.0198501 107.578 0 0 107.712
9.77997 9.84067 0.0198358 107.431 0 0 107.598
9.79468 9.83773 0.0198219 107.255 0 0 107.459
9.80859 9.83574 0.0198086 107.05 0 0 107.292
9.82172 9.83461 0.0197957 106.815 0 0 107.096
9.83412 9.83425 0.0197836 106.549 0 0 106.87
9.84583 9.83457 0.0197721 106.253 0 0 106.615
9.85689 9.8355 0.0197613 105.926 0 0 106.329
9.86734 9.83698 0.0197512 105.569 0 0 106.013
9.87721 9.83893 0.0197419 105.183 0 0 105.667
9.88653 9.84131 0.0197333 104.769 0 0 105.292
9.89532 9.84406 0.0197255 104.327 0 0 104.888
9.90363 9.84712 0.0197184 103.86 0 0 104.457
9.91148 9.85046 0.0197121 103.368 0 0 104
9.91888 9.85404 0.0197065 102.853 0 0 103.518
9.92587 9.85782 0.0197016 102.315 0 0 103.012
9.93247 9.86177 0.0196975 101.758 0 0 102.484
9.9387 9.86585 0.0196939 101.181 0 0 101.935
9.94459 9.87004 0.0196911 100.588 0 0 101.367
9.95014 9.87431 0.0196888 99.9794 0 0 100.781
9.95538 9.87865 0.0196872 99.3573 0 0 100.18
9.96032 9.88303 0.0196861 98.7234 0 0 99.5645
9.96499 9.88743 0.0196856 98.0794 0 0 98.9366
9.96939 9.89183 0.0196856 97.4267 0 0 98.298
9.97355 9.89624 0.0196861 96.767 0 0 97.6502
9.97747 9.90062 0.019687 96.1016 0 0 96.9947
9.98117 9.90497 0.0196884 95.4317 0 0 96.333
9.98466 9.90927 0.0196901 94.7587 0 0 95.6664
9.98795 9.91353 0.0196922 94.0838 0 0 94.9961
9.99106 9.91773 0.0196947 93.4079 0 0 94.3234
9.99399 9.92186 0.0196975 92.7321 0 0 93.6494
9.99675 9.92592 0.0197006 92.0574 0 0 92.975
9.99935 9.92991 0.019704 91.3845 0 0 92.3013
10.0018 9.93382 0.0197076 90.7144 0 0 91.6292
10.0041 9.93764 0.0197114 90.0477 0 0 90.9594
10.0063 9.94137 0.0197155 89.385 0 0 90.2927
10.0084 9.94502 0.0197197 88.7271 0 0 89.6299
10.0103 9.94857 0.0197241 88.0745 0 0 88.9715
10.0121 9.95203 0.0197286 87.4277 0 0 88.3181
10.0139 9.9554 0.0197333 86.7871 0 0 87.6703
10.0155 9.95868 0.019738 86.1532 0 0 87.0286
10.017 9.96186 0.0197429 85.5263 0 0 86.3933
10.0185 9.96495 0.0197478 84.9068 0 0 85.7649
10.0199 9.96795 0.0197528 84.2949 0 0 85.1437
10.0212 9.97085 0.0197579 83.691 0 0 84.5301
10.0224 9.97367 0.019763 83.0953 0 0 83.9242
10.0236 9.97639 0.0197681 82.508 0 0 83.3264
10.0246 9.97903 0.0197732 81.9296 0 0 82.737
10.0257 9.98158 0.0197783 81.3625 0 0 82.1569
10.0267 9.98404 0.0197834 80.8222 0 0 81.5915
10.0276 9.98642 0.0197885 80.3218 0 0 81.0505
10.0285 9.98872 0.0197936 79.8731 0 0 80.5447
10.0293 9.99094 0.0197986 79.4969 0 0 80.0876
10.0301 9.99308 0.0198036 79.2306 0 0 79.7023
10.0308 9.99514 0.0198086 79.1206 0 0 79.4245
10.0316 9.99713 0.0198135 79.1934 0 0 79.2915
10.0323 9.99905 0.0198183 79.4305 0 0 79.3203
10.0329 10.0009 0.0198231 79.7743 0 0 79.4952
10.0335 10.0027 0.0198278 80.1535 0 0 79.7734
10.0341 10.0044 0.0198325 80.5058 48353.4 1610.03 80.0599
40.4939 10.8633 0.0198692 80.8967 45204.1 4549.65 80.3694
38.8117 12.4528 0.020056 82.2597 42259.8 7099.53 81.0279
37.2223 13.8641 0.0203973 85.3684 39507.4 9297.94 82.5886
35.7208 15.1122 0.0208657 90.0436 36934.2 11179.9 85.4388
34.3022 16.2107 0.021437 95.7538 34528.6 12777.2 89.5648
32.962 17.1724 0.0220898 101.934 32279.6 14119 94.6709
31.6957 18.0089 0.0228053 108.1 30177.2 15231.9 100.344
30.4995 18.7313 0.0235668 113.886 28211.7 16139.8 106.169
29.3693 19.3496 0.0243598 119.034 26374.2 16864.9 111.788
28.3015 19.8731 0.0251717 123.386 24656.4 17427.1 116.925
27.2927 20.3103 0.0259914 126.863 23050.5 17844.5 121.392
26.3396 20.6691 0.0268094 129.446 21549.2 18133.6 125.074
25.4392 20.957 0.0276178 131.163 20145.6 18309.3 127.922
24.5885 21.1807 0.0284095 132.073 18833.5 18385.2 129.935
23.7848 21.3463 0.0291788 132.254 17606.8 18373.6 131.151
23.0255 21.4597 0.0299208 131.794 16460.1 18285.4 131.631
22.3081 21.526 0.0306317 130.786 15388 18130.8 131.452
21.6304 21.5501 0.0313082 129.32 14385.7 17918.8 130.7
20.99 21.5365 0.0319479 127.481 13448.8 17657.5 129.46
20.3851 21.4893 0.0325488 125.349 12572.8 17354.2 127.816
19.8136 21.4122 0.0331097 122.992 11753.9 17015.5 125.847
19.2736 21.3087 0.0336296 120.473 10988.4 16647.3 123.625
18.7635 21.1819 0.034108 117.845 10272.7 16254.9 121.212
18.2816 21.0348 0.034545 115.154 9603.59 15843 118.667
17.8262 20.8699 0.0349406 112.439 8978.09 15415.8 116.037
17.3961 20.6896 0.0352954 109.732 8393.33 14977 113.363
16.9896 20.4963 0.03561 107.057 7846.65 14530 110.681
16.6057 20.2917 0.0358853 104.436 7335.58 14077.7 108.018
16.2429 20.0779 0.0361224 101.883 6857.8 13622.7 105.397
15.9002 19.8564 0.0363224 99.4101 6411.14 13167.2 102.835
15.5765 19.6288 0.0364867 97.026 5993.57 12713.2 100.346
15.2706 19.3963 0.0366166 94.7365 5603.2 12262.6 97.9408
14.9816 19.1603 0.0367136 92.5455 5238.25 11816.7 95.6254
14.7086 18.9218 0.0367791 90.4551 4897.07 11376.9 93.4054
14.4506 18.6818 0.0368146 88.4663 4578.11 10944.2 91.2838
14.2069 18.4412 0.0368218 86.5793 4279.93 10519.6 89.2624
13.9767 18.2008 0.0368021 84.7936 4001.17 10103.9 87.3419
13.7592 17.9613 0.0367571 83.1087 3740.57 9697.78 85.5222
13.5537 17.7234 0.0366884 81.538 3496.94 9301.66 83.8068
13.3596 17.4876 0.0365974 80.1253 3269.17 8916.01 82.2088
13.1763 17.2544 0.0364856 79.0084 3056.24 8541.13 80.7293
13.003 17.0243 0.0363546 78.7969 2857.19 8177.26 79.7088
12.8394 16.7975 0.0362056 79.6373 2671.09 7824.55 79.4857
12.6848 16.5745 0.0360402 81.0658 2497.12 7483.1 80.0307
12.5387 16.3555 0.0358596 82.6579 2334.47 7152.94 81.1059
12.4007 16.1408 0.0356651 84.1274 2182.43 6834.04 82.4227
12.2704 15.9305 0.035458 85.3256 2040.28 6526.34 83.7387
12.1472 15.7249 0.0352395 86.2002 1907.39 6229.73 84.8924
12.0308 15.524 0.0350107 86.7561 1783.16 5944.07 85.7986
11.9209 15.3279 0.0347728 87.0262 1667.02 5669.19 86.4289
11.817 15.1368 0.0345266 87.0548 1558.44 5404.91 86.7914
11.7189 14.9506 0.0342734 86.8879 1456.94 5151 86.9139
11.6262 14.7695 0.0340139 86.5687 1362.04 4907.24 86.8334
11.5386 14.5934 0.0337491 86.1353 1273.33 4673.38 86.5885
11.4559 14.4223 0.0334799 85.6208 1190.4 4449.17 86.2163
11.3777 14.2563 0.033207 85.0535 1112.86 4234.33 85.7501
11.3039 14.0952 0.0329312 84.4578 1040.38 4028.61 85.2193
11.2341 13.939 0.0326532 83.8561 972.619 3831.73 84.6499
11.1682 13.7877 0.0323737 83.2702 909.27 3643.4 84.0659
11.106 13.6413 0.0320932 82.7235 850.048 3463.35 83.4902
11.0472 13.4996 0.0318124 82.2424 794.682 3291.29 82.9471
10.9916 13.3625 0.0315318 81.8549 742.923 3126.96 82.4627
10.9391 13.2301 0.0312519 81.5872 694.535 2970.07 82.0643
10.8895 13.1021 0.0309731 81.4554 649.298 2820.36 81.7761
10.8427 12.9786 0.0306959 81.4568 607.008 2677.54 81.6122
10.7984 12.8594 0.0304207 81.5678 567.472 2541.37 81.5712
10.7566 12.7443 0.0301478 81.7497 530.512 2411.57 81.6343
10.7171 12.6334 0.0298775 81.9595 495.959 2287.9 81.7707
10.6798 12.5265 0.0296102 82.1595 463.656 2170.12 81.9442
10.6446 12.4235 0.0293461 82.3222 433.457 2057.97 82.1212
10.6113 12.3243 0.0290856 82.4314 405.225 1951.22 82.2746
10.5798 12.2288 0.0288287 82.4808 58402.9 3781.68 82.34
37.5284 12.8961 0.0286041 82.5975 54599 7212.61 82.3909
36.0101 14.2141 0.0285167 83.8701 51042.9 10180.6 82.8424
34.5756 15.3778 0.0285702 87.1205 47718.4 12731.3 84.3293
33.2203 16.4001 0.0287409 92.0863 44610.4 14906.6 87.2647
31.94 17.2932 0.0290072 98.1684 41704.8 16744.5 91.6082
30.7303 18.0683 0.0293504 104.775 38988.5 18279.8 97.0282
29.5874 18.7356 0.0297537 111.424 36449.1 19544 103.09
28.5077 19.3047 0.0302027 117.759 34075.1 20566.1 109.37
27.4877 19.7843 0.0306843 123.533 31855.7 21372 115.515
26.5239 20.1827 0.0311875 128.592 29780.9 21985.8 121.255
25.6134 20.5074 0.0317026 132.853 27841.2 22428.9 126.4
24.7532 20.7653 0.0322212 136.288 26027.8 22721 130.834
23.9405 20.9627 0.032736 138.907 24332.6 22880 134.5
23.1727 21.1056 0.033241 140.751 22747.7 22921.8 137.384
22.4473 21.1994 0.0337311 141.88 21266.1 22861.1 139.508
21.762 21.249 0.0342019 142.364 19881 22711.1 140.915
21.1145 21.2591 0.0346499 142.279 18586.1 22483.7 141.666
20.5028 21.2339 0.0350723 141.702 17375.6 22189.5 141.83
19.9249 21.1773 0.0354669 140.708 16243.9 21838.3 141.478
19.3789 21.0927 0.0358318 139.365 15185.9 21438.7 140.683
18.8631 20.9835 0.0361658 137.74 14196.8 20998.5 139.515
18.3757 20.8527 0.0364682 135.889 13272.1 20524.7 138.038
17.9153 20.7029 0.0367384 133.864 12407.7 20023.5 136.311
17.4803 20.5367 0.0369763 131.709 11599.5 19500.6 134.388
17.0693 20.3563 0.0371819 129.463 10844 18960.8 132.314
16.6811 20.1638 0.0373557 127.158 10137.8 18408.7 130.132
16.3143 19.9611 0.0374981 124.824 9477.46 17848 127.876
15.9677 19.7498 0.0376099 122.485 8860.17 17282.2 125.577
15.6403 19.5317 0.0376919 120.159 8283.09 16714.5 123.26
15.331 19.308 0.037745 117.863 7743.6 16147.3 120.947
15.0387 19.0801 0.0377704 115.609 7239.24 15583.2 118.655
14.7626 18.8491 0.0377691 113.408 6767.73 15024 116.399
14.5018 18.616 0.0377424 111.267 6326.94 14471.6 114.19
14.2554 18.3818 0.0376914 109.191 5914.85 13927.4 112.036
14.0225 18.1473 0.0376175 107.185 5529.6 13392.7 109.944
13.8026 17.9133 0.0375219 105.25 5169.45 12868.6 107.918
13.5948 17.6803 0.0374059 103.388 4832.75 12355.9 105.962
13.3985 17.4491 0.0372708 101.459 4517.99 11855.4 104.037
13.213 17.2201 0.0371179 96.9608 4223.72 11367.7 101.354
13.0377 16.9939 0.0369483 89.6395 3948.62 10893.3 96.8889
12.8722 16.7707 0.0367635 81.9653 3691.44 10432.4 90.8272
12.7158 16.5509 0.0365644 74.8924 3451.01 9985.32 84.1028
12.5828 16.3353 0.0363525 69.0924 3226.24 9552.24 77.0985
12.4529 16.1244 0.0361288 68.3827 3016.1 9133.22 72.207
12.3259 15.918 0.0358945 73.2382 2819.66 8728.26 71.5779
12.2027 15.7161 0.0356507 80.3899 2636.01 8337.31 74.7547
12.084 15.5187 0.0353984 87.282 2464.32 7960.25 80.0734
11.9713 15.3257 0.0351386 92.6289 2303.81 7596.95 85.8185
11.8647 15.1374 0.0348722 96.9442 2153.76 7247.2 91.0594
11.764 14.9538 0.0346 100.972 2013.48 6910.78 95.7109
11.6689 14.7749 0.034323 104.693 1882.34 6587.44 99.9105
11.579 14.6008 0.0340419 107.895 1759.74 6276.91 103.664
11.4941 14.4315 0.0337574 110.448 1645.12 5978.88 106.894
11.4138 14.267 0.0334703 112.334 1537.97 5693.05 109.53
11.338 14.1072 0.0331812 113.603 1437.8 5419.08 111.552
11.2664 13.9522 0.0328908 114.337 1344.16 5156.65 112.986
11.1987 13.802 0.0325996 114.627 1256.61 4905.42 113.892
11.1348 13.6564 0.0323083 114.559 1174.76 4665.04 114.343
11.0744 13.5154 0.0320173 114.213 1098.25 4435.17 114.419
11.0174 13.3789 0.0317271 113.655 1026.72 4215.44 114.192
10.9635 13.247 0.0314383 112.939 959.845 4005.53 113.731
10.9125 13.1194 0.0311511 112.112 897.328 3805.08 113.092
10.8644 12.9961 0.0308659 111.208 838.883 3613.74 112.322
10.819 12.8771 0.0305832 110.254 784.245 3431.19 111.46
10.7761 12.7622 0.0303033 109.274 733.166 3257.09 110.537
10.7355 12.6513 0.0300264 108.282 685.413 3091.11 109.576
10.6972 12.5444 0.0297529 107.29 640.771 2932.94 108.596
10.661 12.4414 0.0294829 106.308 599.036 2782.25 107.611
10.6268 12.342 0.0292167 105.342 560.019 2638.76 106.631
10.5945 12.2464 0.0289545 104.396 523.544 2502.15 105.663
10.5639 12.1543 0.0286965 103.472 489.445 2372.14 104.713
10.5351 12.0656 0.0284427 102.573 68152.4 4502.49 103.729
50.9494 13.1185 0.0282362 101.843 63713.5 8500.34 102.81
48.6894 15.1447 0.0282335 102.516 59563.7 11958.3 102.436
46.5542 16.9376 0.0284407 105.435 55684.2 14929.8 103.301
44.5369 18.5169 0.0288215 110.169 52057.3 17463.4 105.802
42.6311 19.9006 0.029344 115.918 48666.7 19603.7 109.792
40.8305 21.1056 0.0299796 121.931 45497 21391.1 114.797
39.1294 22.1473 0.0307035 127.625 42533.7 22862.5 120.246
37.5222 23.0402 0.0314935 132.603 39763.4 24051.5 125.618
36.0038 23.7974 0.0323304 136.625 37173.5 24988.6 130.505
34.5693 24.4314 0.0331974 139.579 34752.3 25701.6 134.624
33.214 24.9532 0.0340799 141.449 32488.8 26215.7 137.812
31.9336 25.3735 0.0349653 142.282 30372.7 26553.8 140
30.7238 25.7019 0.0358428 142.172 28394.5 26736.7 141.197
29.5809 25.9471 0.0367032 141.234 26545.1 26783.1 141.461
28.5012 26.1175 0.0375389 139.594 24816.2 26710 140.884
27.4811 26.2204 0.0383433 137.38 23199.8 26532.9 139.577
26.5173 26.2629 0.0391112 134.711 21688.8 26265.5 137.658
25.6067 26.2514 0.0398382 131.698 20276.2 25920.3 135.242
24.7465 26.1916 0.0405212 128.437 18955.5 25508.7 132.438
23.9338 26.0889 0.0411573 125.012 17720.9 25040.8 129.344
23.1659 25.9482 0.0417449 121.495 16566.7 24525.6 126.049
22.4405 25.7741 0.0422827 117.946 15487.7 23971.3 122.627
21.7552 25.5707 0.04277 114.412 14478.9 23385.2 119.143
21.1077 25.3417 0.0432065 110.931 13535.9 22773.7 115.649
20.496 25.0906 0.0435925 107.532 12654.3 22142.7 112.186
19.9181 24.8205 0.0439284 104.239 11830.1 21497.2 108.789
19.3721 24.5343 0.0442152 101.066 11059.6 20841.9 105.483
18.8562 24.2346 0.0444539 98.0252 10339.2 20180.8 102.287
18.3689 23.9238 0.0446459 95.1242 9665.82 19517.4 99.2143
17.9085 23.604 0.0447925 92.3673 9036.26 18854.8 96.2755
17.4736 23.2771 0.0448955 89.7569 8447.71 18195.7 93.4766
17.0626 22.945 0.0449565 87.2939 7897.5 17542.4 90.8212
16.6744 22.6091 0.0449774 84.9779 7383.12 16897.1 88.3112
16.3076 22.2709 0.0449601 82.8107 6902.24 16261.4 85.9479
15.9611 21.9318 0.0449065 80.8271 6452.68 15636.9 83.7422
15.6338 21.5927 0.0448185 79.0649 6032.4 15024.7 81.7096
15.3246 21.2549 0.0446982 77.7472 5639.5 14425.9 79.8313
15.0325 20.9191 0.0445475 77.9289 5272.19 13841.4 78.7004
14.7566 20.5861 0.0443684 79.7942 4928.8 13271.9 78.8721
14.4959 20.2567 0.0441627 82.5396 4607.78 12717.8 80.2569
14.2496 19.9316 0.0439324 85.4414 4307.66 12179.6 82.4317
14.0169 19.6112 0.0436793 88.0468 4027.1 11657.5 84.9085
13.7971 19.2959 0.0434053 90.1464 3764.8 11151.8 87.2984
13.5894 18.9863 0.043112 91.6864 3519.59 10662.5 89.3586
13.3932 18.6827 0.0428012 92.6968 3290.36 10189.6 90.9741
13.2078 18.3853 0.0424746 93.246 3076.05 9733.12 92.1197
13.0327 18.0943 0.0421336 93.4147 2875.7 9292.86 92.8244
12.8673 17.8101 0.0417799 93.2828 2688.4 8868.66 93.145
12.711 17.5326 0.0414148 92.9229 2513.3 8460.3 93.1485
12.5634 17.2621 0.0410398 92.3986 2349.6 8067.51 92.9023
12.4239 16.9986 0.0406561 91.7636 2196.57 7690 92.4689
12.2921 16.7422 0.0402651 91.0627 2053.5 7327.43 91.9033
12.1676 16.4929 0.0398678 90.3326 1919.75 6979.48 91.2527
12.0501 16.2506 0.0394655 89.6028 1794.71 6645.76 90.5563
11.939 16.0155 0.0390591 88.8963 1677.82 6325.91 89.8464
11.834 15.7873 0.0386498 88.2308 1568.54 6019.53 89.1484
11.7349 15.5662 0.0382383 87.6186 1466.38 5726.23 88.482
11.6413 15.3519 0.0378256 87.0675 1370.87 5445.6 87.8617
11.5528 15.1444 0.0374126 86.5814 1281.58 5177.23 87.2968
11.4692 14.9437 0.0369999 86.1606 1198.11 4920.72 86.793
11.3903 14.7495 0.0365883 85.8028 1120.08 4675.66 86.352
11.3157 14.5619 0.0361785 85.5034 1047.12 4441.65 85.9727
11.2453 14.3805 0.035771 85.2565 978.921 4218.28 85.6517
11.1787 14.2055 0.0353665 85.0551 915.162 4005.17 85.3839
11.1159 14.0365 0.0349654 84.8922 855.556 3801.93 85.1631
11.0565 13.8735 0.0345682 84.7605 799.831 3608.17 84.9827
11.0004 13.7163 0.0341753 84.6532 747.737 3423.52 84.8357
10.9474 13.5648 0.0337872 84.564 699.035 3247.62 84.7155
10.8973 13.4188 0.0334041 84.4874 653.506 3080.11 84.6157
10.85 13.2782 0.0330265 84.4182 610.941 2920.65 84.5306
10.8053 13.1428 0.0326546 84.3525 571.15 2768.88 84.4552
10.7631 13.0125 0.0322886 84.2866 533.949 2624.5 84.3851
