108
107.999
107.999
107.999
107.997
107.991
107.978
107.955
107.919
107.866
107.793
107.698
107.578
107.431
107.255
107.05
106.815
106.549
106.253
105.926
105.569
105.183
104.769
104.327
103.86
103.368
102.853
102.315
101.758
101.181
100.588
99.9794
99.3573
98.7234
98.0794
97.4267
96.767
96.1015
95.4317
94.7587
94.0838
93.4079
92.7321
92.0574
91.3845
90.7144
90.0476
89.385
88.7271
88.0745
87.4276
86.787
86.1531
85.5262
84.9067
84.2949
83.691
83.0952
82.508
81.9295
81.3625
80.8221
80.3218
79.873
79.4968
79.2306
79.1206
79.1933
79.4305
79.7743
80.1535
80.5057
80.8966
82.2597
85.3684
90.0435
95.7538
101.934
108.1
113.886
119.034
123.386
126.862
129.446
131.163
132.073
132.254
131.794
130.786
129.32
127.481
125.349
122.992
120.473
117.845
115.154
112.439
109.732
107.057
104.436
101.883
99.4101
97.026
94.7365
92.5454
90.455
88.4663
86.5793
84.7936
83.1087
81.5379
80.1252
79.0083
78.7969
79.6373
81.0657
82.6578
84.1274
85.3255
86.2002
86.756
87.0262
87.0548
86.8879
86.5687
86.1353
85.6208
85.0535
84.4578
83.8561
83.2702
82.7235
82.2424
81.8549
81.5872
81.4553
81.4568
81.5678
81.7496
81.9594
82.1594
82.3222
82.4314
82.4808
82.5975
83.8701
87.1205
92.0863
98.1684
104.775
111.424
117.759
123.533
128.592
132.853
136.288
138.907
140.751
141.88
142.364
142.279
141.702
140.708
139.365
137.74
135.889
133.864
131.709
129.463
127.158
124.824
122.485
120.159
117.863
115.609
113.408
111.267
109.191
107.185
105.25
103.388
101.459
96.9608
89.6394
81.9652
74.8923
69.0923
68.3825
73.238
80.3896
87.2817
92.6286
96.944
100.972
104.693
107.894
110.448
112.334
113.603
114.337
114.627
114.559
114.213
113.655
112.939
112.112
111.208
110.254
109.274
108.282
107.29
106.308
105.342
104.396
103.472
102.573
101.843
102.515
105.435
110.169
115.918
121.931
127.625
132.603
136.625
139.579
141.449
142.282
142.172
141.234
139.594
137.38
134.711
131.698
128.437
125.012
121.495
117.946
114.412
110.931
107.532
104.239
101.066
98.0252
95.1241
92.3673
89.7569
87.2938
84.9779
82.8106
80.827
79.0649
77.7471
77.9288
79.7941
82.5395
85.4413
88.0467
90.1464
91.6864
92.6968
93.246
93.4147
93.2828
92.9229
92.3986
91.7636
91.0627
90.3326
89.6028
88.8963
88.2308
87.6186
87.0675
86.5814
86.1606
85.8028
85.5034
85.2565
85.0551
84.8922
84.7605
84.6532
84.564
84.4874
84.4182
84.3525
84.2866
85.6564
