107.999
107.999
107.999
107.998
107.992
107.978
107.954
107.916
107.86
107.782
107.681
107.554
107.399
107.215
107.001
106.756
106.479
106.172
105.835
105.467
105.071
104.647
104.195
103.718
103.217
102.693
102.147
101.581
100.998
100.397
99.7823
99.1544
98.5154
97.8668
97.2103
96.5471
95.8788
95.2066
94.5318
93.8554
93.1785
92.5021
91.8271
91.1543
90.4845
89.8185
89.1568
88.5001
87.8489
87.2037
86.565
85.933
85.3083
84.6911
84.0817
83.4803
82.8872
82.3026
81.7268
81.1607
80.6165
80.1227
79.6828
79.314
79.0564
78.9687
79.0941
79.4103
79.8352
80.2744
80.6555
80.9381
81.7649
85.2197
90.6839
97.1324
103.84
110.301
116.178
121.257
125.425
128.641
130.921
132.317
132.908
132.785
132.047
130.79
129.108
127.087
124.804
122.326
119.712
117.013
114.272
111.524
108.8
106.121
103.505
100.966
98.5134
96.1544
93.8937
91.7339
89.6765
87.7219
85.8696
84.1187
82.4684
80.9186
79.5293
78.3634
77.9567
79.2988
81.2659
83.1703
84.7563
85.9352
86.718
87.1534
87.3003
87.2159
86.9521
86.5531
86.0565
85.4934
84.8902
84.2692
83.6508
83.0555
82.5059
82.0288
81.6541
81.4108
81.3177
81.3709
81.5395
81.7736
82.0213
82.2414
82.4073
82.5068
82.5381
82.5068
83.1816
86.8786
92.7456
99.6293
106.791
113.749
120.189
125.915
130.817
134.849
138.011
140.337
141.886
142.729
142.944
142.614
141.819
140.633
139.127
137.364
135.399
133.282
131.054
128.752
126.407
124.045
121.688
119.355
117.059
114.812
112.623
110.497
108.441
106.455
104.543
102.706
100.942
98.1051
88.3642
79.2089
72.0124
65.9018
63.7258
71.8072
81.9856
90.2398
95.5912
98.8391
102.476
106.212
109.374
111.765
113.417
114.432
114.926
115.003
114.757
114.266
113.593
112.79
111.897
110.945
109.958
108.954
107.949
106.95
105.967
105.002
104.06
103.143
102.25
101.383
101.419
104.926
110.73
117.375
123.949
129.883
134.845
138.67
141.312
142.807
143.243
142.743
141.442
139.478
136.984
134.082
130.881
127.474
123.94
120.347
116.749
113.19
109.704
106.316
103.044
99.9031
96.9007
94.0429
91.3326
88.7709
86.3577
84.092
81.9727
80.0182
78.3086
76.8842
76.7131
79.4556
83.0687
86.4566
89.2013
91.2248
92.585
93.3826
93.7243
93.7087
93.4222
92.938
92.3174
91.6109
90.8595
90.0966
89.3486
88.636
87.9739
87.3725
86.8379
86.3722
85.974
85.6398
85.3637
85.1388
84.9577
84.8127
84.6964
84.6018
84.5229
84.4541
84.3907
84.3287
84.265
84.1969
84.1969
