108.001
108.002
108.004
108.007
108.012
108.015
108.016
108.011
107.998
107.973
107.932
107.874
107.796
107.694
107.568
107.416
107.237
107.031
106.796
106.533
106.242
105.923
105.578
105.207
104.811
104.391
103.948
103.483
102.999
102.496
101.977
101.442
100.893
100.332
99.761
99.1805
98.5924
97.9979
97.3983
96.7947
96.1883
95.5802
94.9712
94.3623
93.7543
93.148
92.5441
91.9434
91.3463
90.7535
90.1654
89.5826
89.0053
88.4342
87.8693
87.3112
86.7599
86.2159
85.6796
85.1514
84.633
84.1297
83.6628
83.2607
82.9616
82.8143
82.8479
83.0395
83.3357
83.6821
84.0288
84.6322
86.2468
87.9066
90.1633
93.75
98.5279
104.034
109.776
115.337
120.408
124.782
128.342
131.041
132.885
133.918
134.212
133.849
132.922
131.521
129.734
127.64
125.314
122.819
120.212
117.541
114.846
112.159
109.505
106.907
104.379
101.933
99.5777
97.3185
95.1594
93.1024
91.1485
89.2976
87.5494
85.904
84.366
82.9974
82.4212
83.5607
84.7835
86.0207
87.2042
88.2038
88.931
89.3594
89.5073
89.4158
89.1333
88.7069
88.178
87.582
86.9478
86.2997
85.6584
85.0438
84.4765
83.9796
83.578
83.2948
83.144
83.1217
83.2039
83.3554
83.5396
83.7243
83.884
84.0018
84.0691
84.4398
86.0311
87.7195
90.1084
93.9514
99.0515
104.912
111.039
117.035
122.61
127.571
131.805
135.259
137.927
139.838
141.04
141.6
141.588
141.08
140.149
138.866
137.295
135.494
133.517
131.407
129.206
126.947
124.66
122.368
120.092
117.848
115.648
113.501
111.416
109.398
107.45
105.574
103.773
102.047
100.277
96.3851
90.1531
83.6415
81.4334
91.1823
100.812
109.315
116.092
120.46
122.315
122.725
122.726
122.556
122.177
121.557
120.704
119.659
118.474
117.199
115.877
114.541
113.217
111.92
110.665
109.457
108.3
107.197
106.146
105.146
104.195
103.289
102.427
102.019
103.133
104.446
106.601
110.368
115.401
121.03
126.628
131.72
135.996
139.282
141.517
142.719
142.961
142.347
140.998
139.041
136.596
133.778
130.687
127.412
124.029
120.599
117.174
113.793
110.487
107.28
104.189
101.225
98.3963
95.7087
93.1647
90.7653
88.5111
86.4022
84.4442
82.7459
82.4082
85.0465
87.6419
90.0576
92.2276
93.9653
95.17
95.8451
96.0552
95.8897
95.4399
94.7881
94.0041
93.1445
92.254
91.3674
90.511
89.7041
88.9601
88.2877
87.6912
87.1713
86.726
86.3508
86.0398
85.7859
85.5816
85.4193
85.2915
85.1915
85.1128
85.05
84.9981
84.9532
84.9118
84.8711
84.8711
