0.118377
0.09936
0.099743
0.099122
0.100748
0.107564
0.102253
0.101708
0.114905
0.112849
0.107881
0.103659
0.104198
0.102664
0.107199
0.10447
0.10367
0.099707
0.100222
0.098912
0.100117
0.101116
0.100687
0.099941
0.109289
0.110104
0.114994
0.108851
0.10926
0.107098
0.107686
0.107005
0.106728
0.108247
0.110346
0.128951
0.110532
0.107954
0.108911
0.109716
0.111477
0.111177
0.111225
0.10942
0.10799
0.10714
0.107239
0.10685
0.107031
0.106448
0.107519
0.107023
0.1094
0.107183
0.107446
0.106196
0.106914
0.10646
0.106519
0.10775
0.108835
0.108236
0.106564
0.106506
0.113099
0.112125
0.112434
0.111572
0.11884
0.144229
0.10745
0.127248
0.117268
0.106677
0.107716
0.106399
0.106362
0.1098
0.117407
0.108689
0.108598
0.106648
0.106756
0.106746
0.109758
0.106504
0.106628
0.105771
0.106142
0.105424
0.1061
0.098764
0.099313
0.098725
0.099109
0.098275
0.099481
0.098433
0.099054
0.100652
0.100136
0.108642
0.099918
0.100111
0.099872
0.099683
0.098834
0.09992
0.099343
0.100022
0.099115
0.098784
0.10056
0.098165
0.101694
0.122049
0.102419
0.100915
0.099878
0.100052
0.100335
0.103852
0.100787
0.108071
0.100828
0.104972
0.101466
0.102184
0.101397
0.102659
0.115971
0.108152
0.109122
0.112705
0.108024
0.108555
0.113291
0.113484
0.128781
0.130906
0.121458
0.124635
0.13795
0.183392
0.181713
0.139746
0.142008
0.181014
0.180623
0.154451
0.131958
0.136874
0.188028
0.171704
0.135524
0.132197
0.157178
0.130491
0.142085
0.131171
0.135571
0.134137
0.137709
0.150652
0.13667
0.136373
0.137886
0.137335
0.132452
0.133961
0.136827
0.135551
0.141544
0.140737
0.133167
0.130574
0.134277
0.137634
0.135078
0.145
0.133208
0.155588
0.159292
0.179478
0.13118
0.138208
0.13894
0.124251
0.135216
0.132997
0.127593
0.137079
0.110586
0.106975
0.142719
0.171817
0.189805
0.136107
0.141445
0.142899
0.160286
0.124029
0.12537
0.129304
0.123562
0.119756
0.122494
0.125351
0.123174
0.130389
0.13092
0.163288
0.133609
0.12924
0.131356
0.212654
0.168606
0.138139
0.133777
0.1355
0.124614
0.129774
0.131635
0.13261
0.125122
0.120495
0.118796
0.120715
0.118306
0.134769
0.116593
0.114075
0.116812
0.120085
0.126338
0.133181
0.126959
0.119063
0.120167
0.124526
0.12248
0.125003
0.123282
0.124324
0.119448
0.117994
0.123033
0.122557
0.120811
0.1195
0.119714
0.119781
0.119163
0.120345
0.12112
0.120592
0.128132
0.130222
0.129918
0.125565
0.126196
0.127494
0.126588
0.117818
0.119625
0.119978
0.119798
0.120075
0.12883
0.128723
0.126961
0.12554
0.137077
0.128051
0.124917
0.119357
0.147971
0.153392
0.220859
0.126624
0.139193
0.145591
0.149212
0.149063
0.152303
0.149453
0.150987
0.149521
