15.0655 0.00127355
15.0655 0.00127969
15.0655 0.00128464
15.0655 0.00128803
15.0655 0.00128982
15.0655 0.00128992
15.0655 0.00128826
15.0655 0.00128475
15.0655 0.00127931
15.0655 0.00127187
15.0655 0.00126237
15.0655 0.00125076
15.0655 0.00123703
15.0655 0.00122116
15.0655 0.00120319
15.0655 0.00118313
15.0655 0.00116103
15.0655 0.00113696
15.0655 0.00111099
15.0655 0.00108321
15.0655 0.00105371
15.0654 0.00102259
15.0654 0.000989955
15.0654 0.000955917
15.0654 0.00092057
15.0654 0.000884061
15.0654 0.000846487
15.0654 0.000807961
15.0654 0.000768594
15.0653 0.000728494
15.0653 0.000687766
15.0653 0.000646513
15.0653 0.000604832
15.0653 0.000562817
15.0653 0.000520557
15.0653 0.000478136
15.0652 0.000435634
15.0652 0.000393124
15.0652 0.000350679
15.0652 0.000308361
15.0652 0.000266232
15.0652 0.000224348
15.0652 0.000182761
15.0651 0.000141521
15.0651 0.000100675
15.0651 6.02884e-05
15.0651 2.11711e-05
15.0651 1.0989e-06
15.0651 1.5066e-07
15.0651 8.41317e-08
15.0651 5.75421e-08
15.065 4.28635e-08
15.065 3.35505e-08
15.065 2.71181e-08
15.065 2.24093e-08
15.065 1.88098e-08
15.065 1.59563e-08
15.065 1.36026e-08
15.065 1.15337e-08
15.0649 1.48202e-08
15.0649 5.77817e-08
15.0649 1.5204e-07
15.0648 3.12609e-07
15.0647 5.17925e-07
15.0644 7.23736e-07
15.0639 9.03172e-07
15.0632 1.05169e-06
15.0621 1.17154e-06
15.0606 1.26308e-06
15.0587 1.32446e-06
15.0564 1.35396e-06
15.3984 515.68
15.0673 0.0066753
15.0671 0.00612501
15.0668 0.00514171
15.0665 0.00419893
15.0662 0.00330445
15.0659 0.00245194
15.0656 0.00163619
15.0654 0.000854032
15.0651 0.000104082
15.0649 4.80422e-09
15.0647 0
15.0644 0
15.0642 0
15.064 0
15.0639 0
15.0637 0
15.0635 0
15.0634 0
15.0632 0
15.0631 0
15.063 0
15.0629 0
15.0628 0
15.0627 0
15.0626 0
15.0626 0
15.0625 0
15.0624 0
15.0624 0
15.0623 0
15.0623 0
15.0623 0
15.0622 0
15.0622 0
15.0622 0
15.0622 0
15.0622 0
15.0622 0
15.0622 0
15.0622 0
15.0622 0
15.0622 0
15.0622 0
15.0622 0
15.0622 0
15.0622 0
15.0623 0
15.0623 0
15.0623 0
15.0623 0
15.0623 0
15.0624 0
15.0624 0
15.0624 0
15.0625 0
15.0625 0
15.0625 0
15.0626 0
15.0626 0
15.0626 0
15.0627 0
15.0627 0
15.0627 0
15.0628 0
15.0628 0
15.0629 0
15.0629 0
15.0629 0
15.063 0
15.063 0
15.063 0
15.3984 567.046
15.0667 0.00492153
15.0665 0.00406971
15.0662 0.00324337
15.0659 0.00244944
15.0657 0.00168584
15.0654 0.000949341
15.0652 0.000237804
15.065 4.56838e-08
15.0647 1.25031e-08
15.0645 4.30062e-09
15.0643 0
15.0641 0
15.0639 0
15.0638 0
15.0636 0
15.0634 0
15.0633 0
15.0631 0
15.063 0
15.0629 0
15.0628 0
15.0627 0
15.0626 0
15.0625 0
15.0624 0
15.0624 0
15.0623 0
15.0623 0
15.0622 0
15.0622 0
15.0621 0
15.0621 0
15.0621 0
15.062 0
15.062 0
15.062 0
15.062 0
15.062 0
15.062 0
15.062 0
15.062 0
15.062 0
15.062 0
15.062 0
15.062 0
15.062 0
15.0621 0
15.0621 0
15.0621 0
15.0621 0
15.0622 0
15.0622 0
15.0622 0
15.0622 0
15.0623 0
15.0623 0
15.0623 0
15.0624 0
15.0624 0
15.0625 0
15.0625 0
15.0625 0
15.0626 0
15.0626 0
15.0626 0
15.0627 0
15.0627 0
15.0628 0
15.0628 0
15.0629 0
15.0629 0
15.3984 783.186
15.0394 0
15.0362 0
15.0333 0
15.0308 0
15.0286 0
15.0268 0
15.0251 0
15.0237 0
15.0224 0
15.0213 0
15.0202 0
15.0192 0
15.0183 0
15.0174 0
15.0166 0
15.0159 0
15.0151 0
15.0145 0
15.0138 0
15.0133 0
15.0128 0
15.0123 0
15.0119 0
15.0116 0
15.0114 0
15.0112 0
15.0111 0
15.0111 0
15.0112 0
15.0114 0
15.0117 0
15.0121 0
15.0125 0
15.0131 0
15.0138 0
15.0146 0
15.0155 0
15.0164 0
15.0175 0
15.0187 0
15.0199 0
15.0212 0
15.0225 0
15.0239 0
15.0253 0
15.0266 0
15.0279 0
15.0292 0
15.0303 0
15.0312 0
15.0319 0
15.0323 0
15.0323 0
15.0316 0
15.0301 0
15.0272 0
15.022 0
15.0125 0
14.9951 0
14.9634 0
14.907 0
14.8129 2.15285e-09
14.6685 8.21595e-09
14.4671 1.28234e-08
14.2114 1.53856e-08
13.9126 1.62925e-08
13.5877 1.05111e-08
13.2561 6.75083e-09
12.9361 4.23367e-09
12.6438 2.51513e-09
12.3913 1.33323e-09
12.187 5.2893e-10
