0 0 664.584 664.584 63.6112 36.0207 6.28367 0.0376654 0.0052789 0.14319 6
0 0 684.659 665.395 63.6116 36.0202 6.28552 0.0376655 0.00527908 0.143192 5.99997
0 0 703.155 667.657 63.6116 36.02 6.29544 0.0376669 0.00528097 0.14321 5.99997
0 0 720.197 671.136 63.6106 36.0199 6.31598 0.0376716 0.00528696 0.14327 5.99994
0 0 735.899 675.628 63.6071 36.0202 6.347 0.0376821 0.00529883 0.143398 5.99982
0 0 750.367 680.952 63.5993 36.021 6.3874 0.0377003 0.00531747 0.143614 5.99947
0 0 763.697 686.948 63.5851 36.0227 6.43577 0.0377279 0.00534307 0.143932 5.99876
0 0 775.978 693.479 63.5625 36.0254 6.49074 0.0377662 0.0053753 0.144361 5.99749
0 0 787.294 700.423 63.5294 36.0295 6.55101 0.0378162 0.00541354 0.144903 5.99548
0 0 797.72 707.675 63.4839 36.035 6.61544 0.0378785 0.00545704 0.145557 5.99255
0 0 807.327 715.143 63.4244 36.042 6.683 0.0379534 0.00550497 0.146321 5.98852
0 0 816.177 722.749 63.3496 36.0505 6.75281 0.0380411 0.00555652 0.147187 5.98323
0 0 824.332 730.425 63.2584 36.0604 6.82409 0.0381415 0.00561093 0.148148 5.97657
0 0 831.846 738.112 63.15 36.0714 6.89619 0.0382544 0.00566749 0.149195 5.9684
0 0 838.768 745.762 63.0238 36.0834 6.96853 0.0383794 0.00572558 0.150318 5.95866
0 0 845.147 753.333 62.8795 36.096 7.04063 0.0385161 0.00578462 0.151509 5.94728
0 0 851.023 760.79 62.717 36.1088 7.11209 0.0386639 0.00584412 0.152756 5.93422
0 0 856.437 768.104 62.5362 36.1214 7.18255 0.0388222 0.00590366 0.154051 5.91946
0 0 861.426 775.251 62.3376 36.1334 7.25173 0.0389904 0.00596287 0.155383 5.90299
0 0 866.022 782.212 62.1213 36.1443 7.3194 0.0391678 0.00602144 0.156744 5.88484
0 0 870.256 788.974 61.888 36.1536 7.38537 0.0393536 0.0060791 0.158126 5.86503
0 0 874.157 795.522 61.6382 36.161 7.44948 0.0395471 0.00613563 0.159521 5.8436
0 0 877.752 801.851 61.3725 36.1659 7.51162 0.0397476 0.00619087 0.160922 5.82061
0 0 881.063 807.953 61.0917 36.168 7.57171 0.0399544 0.00624466 0.162321 5.7961
0 0 884.114 813.825 60.7967 36.1668 7.62968 0.0401668 0.00629688 0.163713 5.77016
0 0 886.925 819.465 60.4881 36.162 7.68549 0.0403841 0.00634746 0.165093 5.74284
0 0 889.514 824.874 60.1669 36.1533 7.73913 0.0406055 0.00639633 0.166456 5.71423
0 0 891.9 830.053 59.834 36.1403 7.79058 0.0408305 0.00644345 0.167798 5.6844
0 0 894.098 835.005 59.4901 36.1227 7.83987 0.0410584 0.00648878 0.169115 5.65343
0 0 896.123 839.733 59.1362 36.1004 7.88702 0.0412886 0.00653232 0.170404 5.62141
0 0 897.988 844.243 58.7732 36.0731 7.93205 0.0415206 0.00657407 0.171662 5.58842
0 0 899.706 848.538 58.4018 36.0407 7.97501 0.0417537 0.00661404 0.172888 5.55454
0 0 901.289 852.625 58.023 36.003 8.01594 0.0419876 0.00665226 0.174079 5.51984
0 0 902.748 856.511 57.6374 35.9599 8.0549 0.0422216 0.00668874 0.175234 5.4844
0 0 904.091 860.201 57.246 35.9113 8.09195 0.0424555 0.00672354 0.176352 5.44831
0 0 905.328 863.702 56.8494 35.8573 8.12714 0.0426886 0.00675668 0.177433 5.41164
0 0 906.468 867.021 56.4484 35.7978 8.16053 0.0429207 0.00678821 0.178475 5.37445
0 0 907.518 870.165 56.0436 35.7328 8.1922 0.0431514 0.00681818 0.179479 5.33682
0 0 908.485 873.141 55.6358 35.6623 8.22221 0.0433804 0.00684665 0.180444 5.29882
0 0 909.376 875.956 55.2255 35.5865 8.25061 0.0436073 0.00687365 0.181371 5.2605
0 0 910.197 878.617 54.8133 35.5054 8.27749 0.0438319 0.00689925 0.18226 5.22192
0 0 910.952 881.131 54.3998 35.4191 8.3029 0.0440539 0.0069235 0.183111 5.18315
0 0 911.648 883.504 53.9856 35.3278 8.3269 0.0442731 0.00694646 0.183926 5.14424
0 0 912.289 885.743 53.571 35.2315 8.34957 0.0444894 0.00696817 0.184704 5.10523
0 0 912.88 887.854 53.1566 35.1305 8.37095 0.0447024 0.00698869 0.185447 5.06617
0 0 913.423 889.844 52.7428 35.0248 8.39113 0.0449121 0.00700807 0.186155 5.02712
0 0 913.924 891.718 52.33 34.9147 8.41014 0.0451182 0.00702637 0.18683 4.9881
0 0 914.385 893.483 51.9186 34.8003 8.42805 0.0453208 0.00704363 0.187473 4.94916
0 0 914.81 895.144 51.5089 34.6818 8.44492 0.0455196 0.00705991 0.188084 4.91034
0 0 915.201 896.706 51.1012 34.5594 8.46079 0.0457146 0.00707525 0.188664 4.87167
0 0 915.561 898.175 50.6958 34.4332 8.47573 0.0459058 0.0070897 0.189216 4.83317
0 0 915.893 899.555 50.293 34.3036 8.48977 0.0460929 0.00710331 0.189739 4.79489
0 0 916.199 900.852 49.8931 34.1706 8.50297 0.0462761 0.00711611 0.190234 4.75683
0 0 916.481 902.07 49.4961 34.0345 8.51538 0.0464553 0.00712815 0.190704 4.71903
0 0 916.74 903.214 49.1025 33.8955 8.52703 0.0466303 0.00713948 0.191149 4.68151
0 0 916.979 904.287 48.7123 33.7537 8.53797 0.0468014 0.00715012 0.191569 4.6443
0 0 917.199 905.294 48.3256 33.6093 8.54823 0.0469683 0.00716012 0.191967 4.60739
0 0 917.402 906.238 47.9427 33.4626 8.55786 0.0471312 0.00716951 0.192343 4.57082
0 0 917.589 907.124 47.5659 33.3138 8.5669 0.04729 0.00717832 0.192698 4.53462
0 0 917.761 907.953 47.2148 33.1655 8.57537 0.0474448 0.0071866 0.193033 4.49942
0 0 917.919 908.731 46.8889 33.0218 8.58331 0.0475956 0.00719436 0.19335 4.46604
0 0 918.065 909.459 46.5843 32.8848 8.59075 0.0477425 0.00720164 0.193648 4.43465
0 0 918.2 910.142 46.2983 32.7555 8.59772 0.0478854 0.00720846 0.193929 4.40519
0 0 918.323 910.78 46.029 32.6343 8.60425 0.0480244 0.00721486 0.194194 4.37751
0 0 918.436 911.378 45.7751 32.5209 8.61037 0.0481596 0.00722085 0.194443 4.35146
0 0 918.539 911.937 45.5355 32.4152 8.61609 0.048291 0.00722647 0.194678 4.32692
0 0 918.631 912.46 45.3093 32.3168 8.62144 0.0484187 0.00723172 0.194899 4.30377
0 0 918.713 912.948 45.0956 32.2253 8.62644 0.0485427 0.00723664 0.195106 4.28193
0 0 918.783 913.404 44.8937 32.1405 8.63112 0.0486632 0.00724125 0.195302 4.26131
0 0 918.84 913.83 44.703 32.0617 8.63549 0.0487801 0.00724555 0.195485 4.24183
0 0 918.884 914.225 44.5228 31.9888 8.63956 0.0488935 0.00724957 0.195657 4.22343
0 0 918.913 914.593 44.3526 31.9214 8.64335 0.0490035 0.00725333 0.195819 4.20605
251.755 12.2498 3396.23 1014.99 44.5712 31.8813 8.87417 0.0491239 0.00727769 0.196151 4.19556
228.038 33.6592 3201.55 1194.36 46.3431 32.0819 9.87453 0.0493811 0.00749302 0.198271 4.24319
206.554 50.926 3022.17 1344.95 49.2825 32.7609 11.1879 0.0499009 0.00800172 0.20362 4.38863
187.095 64.6407 2856.89 1470.15 52.9747 34.0044 12.4842 0.0507008 0.00873013 0.212128 4.62585
169.469 75.3194 2704.6 1573.04 57.0439 35.8156 13.6433 0.0517503 0.00956944 0.223133 4.93334
153.504 83.4123 2564.28 1656.35 61.2047 38.1393 14.631 0.0530038 0.0104299 0.235853 5.28448
139.042 89.3118 2434.99 1722.52 65.2571 40.8908 15.447 0.0544143 0.0112505 0.249565 5.655
125.943 93.3595 2315.86 1773.73 69.0637 43.9732 16.104 0.0559381 0.011995 0.263661 6.02529
114.078 95.8519 2206.09 1811.92 72.5341 47.2874 16.6184 0.0575368 0.012645 0.277652 6.38059
103.331 97.0461 2104.94 1838.83 75.6137 50.7383 17.0072 0.0591771 0.013194 0.291162 6.71045
93.5965 97.1645 2011.75 1855.99 78.2757 54.2394 17.2863 0.0608306 0.0136431 0.303912 7.00803
84.7789 96.3993 1925.89 1864.77 80.5139 57.7141 17.4703 0.0624738 0.0139976 0.315701 7.26935
76.792 94.916 1846.77 1866.38 82.3379 61.097 17.5723 0.0640869 0.014265 0.326395 7.49266
69.5576 92.8565 1773.88 1861.9 83.7678 64.3345 17.6041 0.0656539 0.014454 0.335913 7.67793
63.0046 90.3427 1706.72 1852.26 84.8313 67.384 17.576 0.0671617 0.0145735 0.344217 7.82636
57.069 87.4784 1644.83 1838.32 85.5604 70.2134 17.4973 0.0686 0.014632 0.351301 7.94004
51.6926 84.352 1587.82 1820.8 85.9891 72.8001 17.376 0.069961 0.0146376 0.357186 8.02159
46.8228 81.0382 1535.28 1800.36 86.152 75.1298 17.2194 0.0712388 0.0145979 0.361913 8.07398
42.4116 77.6002 1486.88 1777.56 86.0827 77.1956 17.0337 0.0724292 0.0145196 0.365535 8.1003
38.4161 74.0907 1442.28 1752.9 85.813 78.9963 16.8246 0.0735295 0.0144088 0.368119 8.10363
34.797 70.5538 1401.18 1726.82 85.3727 80.5357 16.5968 0.0745385 0.0142711 0.369735 8.08696
31.5188 67.0257 1363.32 1699.69 84.7889 81.8215 16.3545 0.0754559 0.0141113 0.37046 8.05311
28.5494 63.5361 1328.43 1671.83 84.0861 82.8643 16.1015 0.0762822 0.0139336 0.37037 8.0047
25.8598 60.1092 1296.29 1643.53 83.286 83.6767 15.8409 0.0770188 0.0137418 0.369544 7.94409
23.4236 56.7641 1266.67 1615.03 82.4078 84.2728 15.5756 0.0776678 0.0135392 0.368057 7.87342
21.2169 53.5158 1239.39 1586.53 81.4685 84.6676 15.3077 0.0782317 0.0133287 0.365983 7.79459
19.2181 50.3757 1214.24 1558.22 80.4825 84.8766 15.0395 0.0787133 0.0131128 0.363394 7.70927
17.4076 47.3523 1191.08 1530.24 79.4623 84.9151 14.7725 0.0791159 0.0128936 0.360357 7.6189
15.7676 44.4514 1169.73 1502.71 78.4187 84.7983 14.5083 0.0794429 0.012673 0.356934 7.52477
14.2822 41.6769 1150.07 1475.73 77.3606 84.541 14.2481 0.079698 0.0124525 0.353185 7.42793
12.9367 39.0306 1131.95 1449.39 76.2958 84.1574 13.9929 0.0798849 0.0122335 0.349165 7.32932
11.7179 36.513 1115.25 1423.76 75.2306 83.6609 13.7434 0.0800075 0.0120171 0.344924 7.22972
10.614 34.1234 1099.87 1398.88 74.1703 83.0641 13.5005 0.0800695 0.0118043 0.340508 7.12977
9.61407 31.8599 1085.69 1374.79 73.1191 82.3789 13.2645 0.0800747 0.0115958 0.335959 7.03003
8.70835 29.7201 1072.63 1351.53 72.0805 81.6162 13.0359 0.0800271 0.0113922 0.331316 6.93094
7.88794 27.7007 1060.6 1329.12 71.0575 80.7864 12.8151 0.0799302 0.0111942 0.326612 6.83287
7.14483 25.798 1049.51 1307.56 70.0521 79.8987 12.6021 0.0797878 0.011002 0.321877 6.73611
6.47173 24.008 1039.3 1286.85 69.0661 78.9617 12.3971 0.0796033 0.010816 0.317139 6.6409
5.86203 22.3262 1029.89 1267.01 68.1006 77.9834 12.2002 0.0793802 0.0106364 0.312422 6.54742
5.30978 20.7483 1021.22 1248.01 67.1567 76.9708 12.0114 0.0791218 0.0104633 0.307746 6.4558
4.80955 19.2695 1013.23 1229.86 66.2349 75.9304 11.8306 0.0788312 0.0102969 0.30313 6.36616
4.35645 17.8852 1005.87 1212.53 65.3356 74.8682 11.6577 0.0785115 0.0101371 0.298589 6.27856
3.94603 16.5907 999.083 1196 64.4588 73.7893 11.4927 0.0781655 0.00998388 0.294136 6.19305
3.57428 15.3814 992.834 1180.27 63.6047 72.6986 11.3353 0.077796 0.00983728 0.289783 6.10965
3.23756 14.2527 987.076 1165.3 62.7729 71.6004 11.1853 0.0774057 0.00969716 0.285539 6.02836
2.93255 13.2001 981.771 1151.07 61.9632 70.4983 11.0426 0.0769969 0.00956343 0.281412 5.94918
2.65628 12.2194 976.884 1137.56 61.1752 69.3959 10.9069 0.076572 0.00943593 0.277406 5.87208
2.40603 11.3063 972.38 1124.74 60.4086 68.2962 10.7781 0.0761332 0.00931452 0.273528 5.79704
2.17936 10.4568 968.231 1112.59 59.6627 67.2017 10.6558 0.0756826 0.00919902 0.26978 5.72402
1.97405 9.66697 964.408 1101.09 58.9372 66.115 10.5399 0.0752219 0.00908926 0.266164 5.65297
1.78808 8.93318 960.886 1090.2 58.2313 65.0379 10.4301 0.0747531 0.00898505 0.262682 5.58384
1.61962 8.25186 957.641 1079.9 57.5445 63.9723 10.3262 0.0742778 0.00888619 0.259333 5.51659
1.46704 7.61962 954.652 1070.17 56.8763 62.9198 10.2278 0.0737976 0.00879249 0.256118 5.45116
1.32883 7.03327 951.897 1060.97 56.226 61.8817 10.1349 0.0733138 0.00870375 0.253036 5.38749
1.20365 6.48977 949.359 1052.29 55.593 60.8592 10.0471 0.0728278 0.00861977 0.250084 5.32553
1.09025 5.98625 947.021 1044.1 54.9768 59.8531 9.96417 0.0723409 0.00854034 0.247262 5.26523
0.987541 5.52001 944.867 1036.38 54.3767 58.8644 9.88595 0.0718542 0.00846527 0.244565 5.20653
0.894506 5.08849 942.883 1029.11 53.7922 57.8937 9.81218 0.0713686 0.00839437 0.241992 5.14937
0.810236 4.68928 941.054 1022.25 53.2227 56.9414 9.74266 0.0708852 0.00832744 0.239539 5.09369
0.733905 4.32012 939.37 1015.8 52.6678 56.0081 9.67715 0.0704047 0.0082643 0.237203 5.03946
0.664764 3.97891 937.818 1009.73 52.1267 55.094 9.61548 0.069928 0.00820477 0.234981 4.9866
0.602138 3.66364 936.389 1004.02 51.5992 54.1994 9.55743 0.0694558 0.00814867 0.232868 4.93509
0.545411 3.37246 935.072 998.646 51.0845 53.3244 9.50282 0.0689887 0.00809583 0.230861 4.88486
0.494029 3.10363 933.858 993.598 50.5824 52.4691 9.45147 0.0685273 0.00804608 0.228957 4.83587
0.447487 2.85551 932.741 988.855 50.0923 51.6334 9.4032 0.068072 0.00799926 0.227151 4.78807
0.40533 2.62661 931.711 984.401 49.6138 50.8173 9.35784 0.0676234 0.00795522 0.225439 4.74142
0.367144 2.41548 930.763 980.22 49.1465 50.0207 9.31524 0.0671818 0.00791381 0.223818 4.69588
0.332556 2.22083 929.889 976.296 48.6899 49.2435 9.27525 0.0667475 0.0078749 0.222284 4.65141
0.301226 2.04141 929.084 972.614 48.2437 48.4854 9.23771 0.0663209 0.00783834 0.220834 4.60797
0.272848 1.87609 928.343 969.161 47.8075 47.7461 9.20249 0.0659021 0.00780401 0.219462 4.56552
0.247144 1.7238 927.66 965.924 47.3904 47.0263 9.16945 0.0654915 0.00777177 0.218167 4.52418
0.223861 1.58355 927.03 962.89 47.0082 46.3311 9.13848 0.0650892 0.00774153 0.216944 4.48489
302.309 16.1541 3650.3 1070.06 47.1018 45.6989 9.35937 0.0647104 0.00773608 0.215989 4.45513
273.829 41.7266 3435.63 1264.28 49.0246 45.4516 10.4285 0.064494 0.00794264 0.217075 4.49474
248.032 62.3374 3237.83 1427.02 52.3753 45.9385 11.8438 0.0645787 0.00847369 0.221783 4.65182
224.665 78.6945 3055.58 1562.05 56.4999 47.2465 13.2421 0.0649834 0.00924809 0.230034 4.91621
203.5 91.4163 2887.66 1672.7 60.9607 49.3174 14.4912 0.0656746 0.0101461 0.241095 5.25696
184.328 101.043 2732.93 1761.99 65.4625 52.031 15.5535 0.066602 0.011069 0.254104 5.64191
166.963 108.044 2590.37 1832.58 69.8039 55.2453 16.4286 0.0677139 0.0119495 0.268261 6.04393
151.233 112.829 2459.01 1886.86 73.8493 58.8175 17.1302 0.0689623 0.0127477 0.282896 6.44207
136.986 115.754 2337.98 1926.96 77.5112 62.6132 17.6764 0.0703045 0.0134433 0.297467 6.82109
124.081 117.126 2226.46 1954.77 80.7387 66.5124 18.0858 0.0717039 0.0140291 0.311559 7.17047
112.391 117.213 2123.72 1971.99 83.5086 70.4109 18.3757 0.0731293 0.0145062 0.324861 7.48351
101.803 116.243 2029.05 1980.09 85.8188 74.2217 18.5621 0.0745544 0.0148804 0.33715 7.75649
92.2123 114.416 1941.82 1980.42 87.6825 77.8738 18.6595 0.0759575 0.0151598 0.348277 7.98798
83.5251 111.902 1861.45 1974.14 89.1241 81.3116 18.6806 0.0773205 0.015354 0.35815 8.17831
75.6563 108.846 1787.4 1962.29 90.1751 84.4936 18.6368 0.0786292 0.0154726 0.366724 8.32903
68.5288 105.372 1719.17 1945.78 90.8711 87.3905 18.5382 0.0798718 0.015525 0.373992 8.44258
62.0728 101.587 1656.31 1925.42 91.2498 89.9842 18.3936 0.0810396 0.01552 0.379975 8.52195
56.225 97.5798 1598.38 1901.92 91.3488 92.2654 18.2109 0.0821259 0.015466 0.384714 8.57042
50.9281 93.4261 1545.02 1875.9 91.2045 94.2327 17.9969 0.0831258 0.0153702 0.388269 8.59139
46.1303 89.189 1495.84 1847.9 90.8514 95.8905 17.7578 0.0840363 0.0152393 0.390708 8.58822
41.7844 84.921 1450.54 1818.38 90.3215 97.2482 17.4988 0.0848557 0.0150795 0.392109 8.56415
37.8479 80.6656 1408.79 1787.77 89.6436 98.3189 17.2244 0.0855834 0.0148958 0.392554 8.52223
34.2823 76.4583 1370.33 1756.42 88.844 99.118 16.9388 0.0862199 0.0146931 0.392126 8.46523
31.0526 72.3279 1334.89 1724.63 87.9457 99.6628 16.6454 0.0867665 0.0144753 0.390909 8.39571
28.1272 68.297 1302.24 1692.67 86.969 99.9716 16.3472 0.0872252 0.0142462 0.388986 8.31593
25.4774 64.3837 1272.15 1660.75 85.9317 100.063 16.0466 0.0875985 0.0140088 0.386436 8.2279
23.0772 60.6016 1244.43 1629.08 84.8491 99.9564 15.7461 0.0878894 0.0137658 0.383338 8.13339
20.9031 56.9607 1218.89 1597.8 83.7341 99.6696 15.4473 0.0881013 0.0135196 0.379762 8.03393
18.9339 53.468 1195.36 1567.05 82.5979 99.2205 15.152 0.0882376 0.0132721 0.375778 7.93084
17.1501 50.1278 1173.68 1536.95 81.4499 98.6262 14.8613 0.0883022 0.0130252 0.371451 7.82524
15.5344 46.9424 1153.7 1507.58 80.298 97.9029 14.5765 0.0882991 0.0127802 0.366838 7.71809
14.071 43.9123 1135.29 1479.01 79.1485 97.0656 14.2983 0.0882321 0.0125384 0.361996 7.6102
12.7454 41.0365 1118.33 1451.3 78.0069 96.1284 14.0274 0.0881054 0.0123007 0.356973 7.50223
11.5446 38.3128 1102.71 1424.49 76.8775 95.1045 13.7646 0.0879229 0.0120681 0.351815 7.39473
10.457 35.7381 1088.31 1398.6 75.7637 94.0059 13.5101 0.0876885 0.0118411 0.346563 7.28817
9.47189 33.3084 1075.04 1373.67 74.6684 92.8436 13.2642 0.0874063 0.0116204 0.341254 7.18291
8.57955 31.0194 1062.82 1349.69 73.5936 91.6277 13.0273 0.0870799 0.0114064 0.335921 7.07923
7.77128 28.866 1051.56 1326.68 72.5409 90.3675 12.7994 0.0867131 0.0111993 0.330593 6.97737
7.03916 26.8431 1041.18 1304.63 71.5115 89.0712 12.5805 0.0863095 0.0109994 0.325295 6.87751
6.37601 24.9451 1031.62 1283.53 70.5061 87.7465 12.3707 0.0858726 0.0108069 0.32005 6.77977
5.77534 23.1665 1022.81 1263.36 69.5253 86.4002 12.1698 0.0854056 0.0106218 0.314878 6.68424
5.23125 21.5017 1014.7 1244.12 68.5692 85.0382 11.9778 0.0849117 0.0104442 0.309796 6.59099
4.73842 19.9449 1007.22 1225.78 67.6379 83.6662 11.7946 0.0843939 0.010274 0.304816 6.50005
4.29202 18.4906 1000.33 1208.32 66.7313 82.289 11.6198 0.0838551 0.0101111 0.299952 6.41142
3.88767 17.1333 993.981 1191.71 65.8489 80.911 11.4534 0.083298 0.00995554 0.295213 6.32511
3.52142 15.8676 988.132 1175.92 64.9904 79.536 11.295 0.0827251 0.00980705 0.290606 6.24108
3.18967 14.6883 982.743 1160.94 64.1554 78.1674 11.1445 0.0821388 0.00966553 0.286139 6.15932
2.88918 13.5904 977.778 1146.73 63.3432 76.8084 11.0016 0.0815415 0.00953079 0.281816 6.07977
2.61699 12.569 973.204 1133.26 62.5533 75.4614 10.866 0.0809352 0.00940264 0.27764 6.0024
2.37045 11.6195 968.989 1120.5 61.7851 74.1288 10.7375 0.0803219 0.00928088 0.273613 5.92714
2.14713 10.7373 965.106 1108.43 61.0378 72.8126 10.6157 0.0797034 0.0091653 0.269736 5.85393
1.94485 9.91817 961.528 1097.02 60.3108 71.5146 10.5005 0.0790815 0.00905567 0.266011 5.78273
1.76163 9.1581 958.232 1086.23 59.6035 70.2361 10.3916 0.0784577 0.00895178 0.262434 5.71346
1.59567 8.45321 955.195 1076.04 58.9151 68.9785 10.2885 0.0778334 0.0088534 0.259007 5.64606
1.44534 7.79986 952.397 1066.43 58.245 67.7427 10.1913 0.0772101 0.00876031 0.255726 5.58047
1.30918 7.19458 949.819 1057.36 57.5925 66.5296 10.0994 0.0765889 0.00867228 0.252589 5.51663
1.18584 6.63412 947.444 1048.81 56.957 65.34 10.0128 0.075971 0.0085891 0.249593 5.45448
1.07413 6.11541 945.256 1040.75 56.3379 64.1743 9.93105 0.0753574 0.00851054 0.246735 5.39394
0.972936 5.63556 943.24 1033.16 55.7345 63.0329 9.85404 0.074749 0.00843639 0.244011 5.33497
0.881277 5.19184 941.383 1026.01 55.1462 61.9162 9.7815 0.0741467 0.00836645 0.241417 5.27751
0.798253 4.78171 939.672 1019.29 54.5726 60.8244 9.71321 0.0735512 0.00830051 0.23895 5.2215
0.72305 4.40277 938.096 1012.96 54.013 59.7574 9.64893 0.0729632 0.00823838 0.236606 5.16688
0.654933 4.05279 936.644 1007.02 53.4668 58.7155 9.58847 0.0723834 0.00817986 0.234379 5.1136
0.593232 3.72968 935.306 1001.43 52.9337 57.6983 9.53162 0.0718122 0.00812477 0.232267 5.06162
0.537345 3.43148 934.074 996.182 52.4131 56.7059 9.47819 0.0712501 0.00807293 0.230263 5.01088
0.486722 3.15637 932.939 991.252 51.9045 55.7381 9.42799 0.0706976 0.00802418 0.228365 4.96133
0.440869 2.90263 931.893 986.625 51.4075 54.7945 9.38084 0.0701549 0.00797834 0.226568 4.91294
0.399335 2.66869 930.929 982.282 50.9217 53.875 9.33658 0.0696224 0.00793527 0.224867 4.86566
0.361714 2.45307 930.042 978.208 50.4466 52.9792 9.29504 0.0691004 0.0078948 0.223259 4.81945
0.327638 2.25439 929.224 974.388 49.9819 52.1066 9.25606 0.068589 0.0078568 0.221739 4.77426
0.296771 2.07137 928.471 970.806 49.5273 51.2571 9.21951 0.0680884 0.00782113 0.220304 4.73007
0.268813 1.90283 927.778 967.449 49.0823 50.4301 9.18524 0.0675987 0.00778766 0.218949 4.68684
352.701 18.8973 4688.62 1116.22 49.1771 49.6673 9.49825 0.0671408 0.00778792 0.217944 4.65282
319.473 48.7277 4392.15 1385.15 51.446 49.3647 10.9821 0.0669066 0.00808048 0.219742 4.69978
289.376 72.7698 4118.98 1610.56 55.3351 49.9423 12.9434 0.0670872 0.00882066 0.226524 4.88371
262.114 91.8495 3867.27 1797.64 60.0492 51.4904 14.8808 0.0677089 0.00989643 0.238181 5.18939
237.421 106.688 3635.34 1951.01 65.0627 53.9304 16.6117 0.0687252 0.0111425 0.253704 5.57823
215.054 117.916 3421.64 2074.82 70.0205 57.1125 18.084 0.0700667 0.0124223 0.271901 6.01089
194.794 126.082 3224.73 2172.76 74.6828 60.8611 19.2974 0.0716619 0.0136433 0.29167 6.4545
176.443 131.662 3043.3 2248.15 78.8927 64.9986 20.2708 0.0734442 0.0147502 0.312083 6.88398
159.82 135.072 2876.13 2303.93 82.5555 69.3574 21.0293 0.075355 0.0157151 0.332395 7.28146
144.764 136.671 2722.09 2342.7 85.6243 73.7875 21.5983 0.0773435 0.0165281 0.352033 7.63516
131.126 136.77 2580.17 2366.8 88.0881 78.1597 22.0022 0.0793666 0.0171905 0.370568 7.9382
118.773 135.637 2449.39 2378.29 89.9626 82.367 22.2628 0.0813879 0.0177105 0.387693 8.18757
107.583 133.504 2328.9 2379.02 91.2826 86.3246 22.4002 0.0833774 0.0180994 0.403201 8.38316
97.4479 130.569 2217.87 2370.59 92.0947 89.9687 22.432 0.0853104 0.0183703 0.416968 8.52701
88.2674 127.002 2115.58 2354.45 92.4529 93.2547 22.3739 0.0871669 0.0185366 0.428932 8.62262
79.9519 122.948 2021.32 2331.86 92.4137 96.1549 22.2398 0.0889309 0.0186113 0.439083 8.67441
72.4197 118.531 1934.47 2303.94 92.0335 98.6558 22.0421 0.0905902 0.0186066 0.44745 8.6873
65.5971 113.855 1854.44 2271.65 91.3664 100.756 21.7916 0.0921355 0.0185338 0.454093 8.66635
59.4173 109.008 1780.7 2235.87 90.4624 102.464 21.4978 0.0935603 0.0184032 0.459092 8.61653
53.8197 104.064 1712.76 2197.33 89.3672 103.794 21.1691 0.0948604 0.0182241 0.462543 8.54257
48.7494 99.0834 1650.16 2156.7 88.1212 104.766 20.8127 0.0960332 0.0180048 0.464555 8.44882
44.1568 94.1181 1592.48 2114.54 86.76 105.406 20.4351 0.0970782 0.0177524 0.465239 8.33923
39.9968 89.2089 1539.33 2071.35 85.3142 105.738 20.0417 0.097996 0.0174736 0.464713 8.21728
36.2288 84.3893 1490.36 2027.54 83.8099 105.789 19.6375 0.0987885 0.017174 0.463092 8.08601
32.8157 79.6861 1445.24 1983.48 82.2691 105.588 19.2265 0.0994582 0.0168585 0.46049 7.94806
29.7242 75.1201 1403.67 1939.47 80.71 105.159 18.8123 0.100009 0.0165315 0.45702 7.80566
26.9239 70.7072 1365.36 1895.8 79.1479 104.529 18.3979 0.100445 0.0161967 0.452786 7.66066
24.3875 66.459 1330.06 1852.66 77.5947 103.723 17.986 0.10077 0.0158574 0.44789 7.51464
22.0899 62.3837 1297.54 1810.26 76.0604 102.761 17.5786 0.10099 0.0155163 0.442427 7.36886
20.0089 58.4864 1267.58 1768.73 74.5526 101.667 17.1777 0.10111 0.0151759 0.436486 7.22434
18.1239 54.7698 1239.98 1728.21 73.0771 100.458 16.7848 0.101135 0.014838 0.430148 7.08192
16.4164 51.2343 1214.54 1688.79 71.6386 99.1526 16.401 0.101071 0.0145045 0.423489 6.94222
14.8699 47.8789 1191.11 1650.56 70.2403 97.7665 16.0274 0.100924 0.0141767 0.416579 6.80574
13.469 44.701 1169.53 1613.56 68.8842 96.3141 15.6647 0.100698 0.0138558 0.40948 6.67284
12.2001 41.697 1149.64 1577.84 67.572 94.8081 15.3135 0.100401 0.0135427 0.402249 6.54379
11.0508 38.8622 1131.32 1543.43 66.3041 93.2602 14.9743 0.100035 0.0132382 0.394937 6.41874
10.0097 36.1914 1114.44 1510.34 65.081 91.6805 14.6473 0.0996087 0.0129428 0.38759 6.29782
9.06668 33.679 1098.9 1478.59 63.9022 90.0781 14.3328 0.0991252 0.0126571 0.380248 6.18105
8.21252 31.3188 1084.58 1448.15 62.7672 88.4611 14.0307 0.0985901 0.0123813 0.372947 6.06844
7.43883 29.1043 1071.39 1419.03 61.6751 86.8363 13.7411 0.0980081 0.0121157 0.365718 5.95995
6.73802 27.0291 1059.25 1391.21 60.6248 85.2102 13.464 0.0973838 0.0118602 0.358588 5.85551
6.10324 25.0866 1048.07 1364.65 59.6152 83.5879 13.199 0.0967216 0.0116151 0.35158 5.75504
5.52827 23.2703 1037.77 1339.34 58.6448 81.9743 12.9461 0.0960257 0.0113802 0.344714 5.65842
5.00745 21.5735 1028.29 1315.25 57.7124 80.3734 12.7049 0.0953002 0.0111555 0.338007 5.56555
4.53571 19.9899 1019.56 1292.33 56.8164 78.7887 12.4753 0.0945486 0.0109408 0.331471 5.47628
4.10841 18.5131 1011.52 1270.56 55.9554 77.2232 12.2568 0.0937747 0.0107359 0.325118 5.3905
3.72136 17.1373 1004.12 1249.89 55.128 75.6794 12.0492 0.0929818 0.0105406 0.318957 5.30806
3.37077 15.8563 997.314 1230.29 54.3326 74.1596 11.8521 0.0921729 0.0103547 0.312994 5.22883
3.05322 14.6646 991.046 1211.72 53.5679 72.6655 11.6651 0.0913511 0.010178 0.307235 5.15267
2.76558 13.5567 985.275 1194.13 52.8324 71.1987 11.4879 0.0905191 0.01001 0.301681 5.07945
2.50504 12.5274 979.963 1177.5 52.1248 69.7603 11.32 0.0896795 0.0098506 0.296335 5.00904
2.26904 11.5717 975.072 1161.77 51.4438 68.3512 11.1612 0.0888346 0.00969944 0.291196 4.9413
2.05528 10.685 970.567 1146.9 50.7882 66.9724 11.011 0.0879866 0.0095562 0.286265 4.87612
1.86165 9.86254 966.416 1132.87 50.1566 65.6243 10.8691 0.0871376 0.00942059 0.281538 4.81337
1.68627 9.10025 962.589 1119.63 49.548 64.3073 10.7351 0.0862895 0.00929229 0.277014 4.75294
1.52741 8.39406 959.055 1107.14 48.9612 63.0216 10.6086 0.0854439 0.00917099 0.272689 4.69471
1.38351 7.74016 955.786 1095.36 48.3951 61.7674 10.4892 0.0846024 0.00905638 0.268559 4.63857
1.25317 7.13497 952.748 1084.26 47.8488 60.5447 10.3767 0.0837665 0.00894816 0.26462 4.58444
1.13511 6.57511 949.904 1073.81 47.3318 59.3544 10.2707 0.0829375 0.00884603 0.260865 4.53236
1.02818 6.05741 947.2 1063.96 46.8625 58.2044 10.1707 0.0821165 0.00874969 0.257291 4.48339
0.931313 5.5789 944.556 1054.67 46.4316 57.1001 10.0765 0.0813045 0.00865884 0.253891 4.43799
0.843575 5.13679 941.849 1045.9 46.033 56.043 9.98772 0.0805026 0.00857318 0.250659 4.39601
0.764103 4.72846 938.904 1037.6 45.6633 55.0321 9.90386 0.0797114 0.0084924 0.247588 4.35716
0.692118 4.35148 935.496 1029.7 45.32 54.0661 9.82443 0.0789317 0.00841614 0.244673 4.32114
0.626915 4.00357 931.39 1022.13 45.0011 53.143 9.74883 0.0781639 0.00834402 0.241904 4.28772
0.567854 3.68258 926.379 1014.79 44.705 52.261 9.67634 0.0774084 0.00827559 0.239274 4.25669
0.514357 3.38655 920.328 1007.6 44.4304 51.4182 9.60616 0.0766653 0.00821032 0.236773 4.2279
0.4659 3.1136 913.193 1000.44 44.1761 50.613 9.53741 0.0759347 0.00814762 0.234389 4.2012
0.422008 2.86203 905.026 993.254 43.9411 49.8435 9.46924 0.0752162 0.00808684 0.23211 4.17647
0.382251 2.63022 895.966 985.951 43.7247 49.1084 9.40085 0.0745094 0.00802733 0.229924 4.15361
0.34624 2.41669 886.215 978.482 43.5261 48.406 9.33157 0.0738137 0.00796844 0.227817 4.13254
0.313621 2.22005 876.018 970.815 43.3448 47.7351 9.26089 0.0731286 0.00790958 0.225775 4.11318
0.284075 2.03901 865.643 962.942 43.1804 47.0944 9.1885 0.0724531 0.00785026 0.223786 4.09548
