10.0434 10.0434 0.01999 108 0 0 108
9.48859 10.0278 0.0199895 108 0 0 108
9.5193 9.99885 0.0199862 107.999 0 0 108
9.54831 9.97318 0.0199802 107.999 0 0 107.999
9.57572 9.95048 0.0199718 107.999 0 0 107.999
9.60162 9.93051 0.0199615 107.997 0 0 107.998
9.62609 9.91303 0.0199498 107.991 0 0 107.995
9.6492 9.89783 0.0199369 107.978 0 0 107.989
9.67104 9.88471 0.0199231 107.955 0 0 107.976
9.69168 9.87349 0.0199088 107.919 0 0 107.954
9.71117 9.86399 0.0198941 107.866 0 0 107.92
9.72958 9.85607 0.0198793 107.793 0 0 107.87
9.74698 9.84957 0.0198646 107.698 0 0 107.802
9.76342 9.84437 0.0198499 107.578 0 0 107.712
9.77894 9.84033 0.0198356 107.431 0 0 107.598
9.79361 9.83735 0.0198217 107.256 0 0 107.459
9.80747 9.83533 0.0198083 107.051 0 0 107.292
9.82056 9.83416 0.0197955 106.816 0 0 107.097
9.83293 9.83375 0.0197833 106.55 0 0 106.871
9.84461 9.83404 0.0197717 106.254 0 0 106.616
9.85565 9.83493 0.0197609 105.927 0 0 106.33
9.86607 9.83637 0.0197508 105.571 0 0 106.014
9.87592 9.83829 0.0197414 105.185 0 0 105.668
9.88522 9.84063 0.0197328 104.771 0 0 105.294
9.89401 9.84334 0.0197249 104.33 0 0 104.89
9.90231 9.84637 0.0197178 103.863 0 0 104.46
9.91015 9.84968 0.0197114 103.371 0 0 104.003
9.91755 9.85323 0.0197058 102.856 0 0 103.521
9.92454 9.85698 0.0197009 102.319 0 0 103.016
9.93115 9.8609 0.0196966 101.762 0 0 102.488
9.93739 9.86495 0.0196931 101.185 0 0 101.939
9.94328 9.86912 0.0196902 100.592 0 0 101.371
9.94884 9.87337 0.0196879 99.9816 0 0 100.785
9.9541 9.87769 0.0196862 99.3571 0 0 100.182
9.95906 9.88205 0.0196851 98.7193 0 0 99.5644
9.96375 9.88644 0.0196845 98.0697 0 0 98.9328
9.96817 9.89083 0.0196844 97.4095 0 0 98.289
9.97235 9.89522 0.0196849 96.7402 0 0 97.6341
9.9763 9.89959 0.0196857 96.0629 0 0 96.9696
9.98002 9.90394 0.019687 95.3788 0 0 96.2966
9.98354 9.90824 0.0196888 94.689 0 0 95.6164
9.98686 9.91249 0.0196909 93.9947 0 0 94.9301
9.99 9.91669 0.0196933 93.2968 0 0 94.2388
9.99296 9.92082 0.0196961 92.5963 0 0 93.5436
9.99576 9.92489 0.0196991 91.8941 0 0 92.8454
9.9984 9.92887 0.0197025 91.1911 0 0 92.1452
10.0009 9.93279 0.019706 90.4881 0 0 91.4438
10.0032 9.93661 0.0197099 89.7858 0 0 90.7421
10.0055 9.94036 0.0197139 89.085 0 0 90.0408
10.0076 9.94401 0.0197181 88.3862 0 0 89.3406
10.0095 9.94758 0.0197224 87.6901 0 0 88.6422
10.0114 9.95105 0.019727 86.9971 0 0 87.9463
10.0132 9.95444 0.0197316 86.308 0 0 87.2533
10.0148 9.95773 0.0197364 85.623 0 0 86.5638
10.0164 9.96093 0.0197412 84.9426 0 0 85.8784
10.0179 9.96403 0.0197461 84.2673 0 0 85.1974
10.0193 9.96705 0.0197511 83.5973 0 0 84.5212
10.0206 9.96997 0.0197562 82.9331 0 0 83.8503
10.0219 9.97281 0.0197612 82.2748 0 0 83.1849
10.0231 9.97555 0.0197663 81.6231 0 0 82.5255
10.0242 9.97821 0.0197715 80.9896 0 0 81.8758
10.0252 9.98078 0.0197766 80.3887 0 0 81.2444
10.0262 9.98326 0.0197817 79.8238 0 0 80.64
10.0272 9.98566 0.0197868 79.2935 0 0 80.0668
10.0281 9.98798 0.0197919 78.7952 0 0 79.5258
10.0289 9.99022 0.0197969 78.3263 0 0 79.0161
10.0297 9.99238 0.019802 77.8846 0 0 78.5361
10.0304 9.99446 0.0198069 77.468 0 0 78.0838
10.031 9.99646 0.0198118 77.0748 0 0 77.6574
10.0316 9.99839 0.0198167 76.7036 0 0 77.2551
10.0321 10.0002 0.0198215 76.353 0 0 76.8754
10.0325 10.002 0.0198262 76.0219 0 0 76.5169
10.0328 10.0037 0.0198309 75.709 48353.4 1610.03 76.139
29.0366 10.5401 0.0198556 75.5202 45204.1 4549.65 75.8073
27.9878 11.5324 0.0199738 76.3775 42259.8 7099.53 75.8774
26.9968 12.4135 0.0201884 78.9954 39507.4 9297.94 76.8967
26.0605 13.1927 0.0204823 83.2653 36934.2 11179.9 79.2574
25.176 13.8787 0.0208403 88.8001 34528.6 12777.2 83.0062
24.3402 14.4792 0.0212492 95.1207 32279.6 14119 87.935
23.5505 15.0017 0.0216972 101.79 30177.2 15231.9 93.7055
22.8045 15.453 0.0221738 108.455 28211.7 16139.8 99.9528
22.0996 15.8392 0.0226701 114.851 26374.2 16864.9 106.344
21.4336 16.1663 0.023178 120.788 24656.4 17427.1 112.605
20.8044 16.4396 0.0236909 126.145 23050.5 17844.5 118.526
20.2099 16.664 0.0242027 130.848 21549.2 18133.6 123.958
19.6483 16.844 0.0247084 134.868 20145.6 18309.3 128.804
19.1177 16.984 0.0252037 138.203 18833.5 18385.2 133.013
18.6164 17.0878 0.0256851 140.875 17606.8 18373.6 136.565
18.1428 17.1589 0.0261493 142.921 16460.1 18285.4 139.468
17.6953 17.2006 0.0265941 144.389 15388 18130.8 141.747
17.2725 17.2161 0.0270175 145.332 14385.7 17918.8 143.442
16.8731 17.2079 0.0274178 145.805 13448.8 17657.5 144.601
16.4958 17.1788 0.0277939 145.865 12572.8 17354.2 145.275
16.1393 17.1311 0.028145 145.565 11753.9 17015.5 145.517
15.8025 17.0668 0.0284705 144.956 10988.4 16647.3 145.38
15.4843 16.988 0.0287701 144.085 10272.7 16254.9 144.915
15.1836 16.8965 0.0290438 142.994 9603.59 15843 144.169
14.8996 16.7939 0.0292917 141.722 8978.09 15415.8 143.186
14.6312 16.6817 0.029514 140.303 8393.33 14977 142.006
14.3777 16.5613 0.0297113 138.767 7846.65 14530 140.664
14.1382 16.4339 0.029884 137.14 7335.58 14077.7 139.191
13.9119 16.3007 0.0300329 135.446 6857.8 13622.7 137.616
13.6981 16.1627 0.0301586 133.703 6411.14 13167.2 135.963
13.4961 16.0209 0.030262 131.928 5993.57 12713.2 134.251
13.3053 15.8761 0.0303439 130.135 5603.2 12262.6 132.5
13.125 15.729 0.0304052 128.336 5238.25 11816.7 130.724
12.9546 15.5803 0.0304469 126.541 4897.07 11376.9 128.937
12.7937 15.4308 0.0304698 124.757 4578.11 10944.2 127.148
12.6417 15.2808 0.030475 122.992 4279.93 10519.6 125.366
12.498 15.131 0.0304635 121.25 4001.17 10103.9 123.6
12.3623 14.9817 0.0304361 119.536 3740.57 9697.78 121.854
12.2341 14.8334 0.0303939 117.853 3496.94 9301.66 120.135
12.113 14.6864 0.0303378 116.204 3269.17 8916.01 118.444
11.9986 14.541 0.0302687 114.591 3056.24 8541.13 116.786
11.8905 14.3975 0.0301875 113.014 2857.19 8177.26 115.162
11.7883 14.2562 0.0300952 111.475 2671.09 7824.55 113.574
11.6918 14.1171 0.0299925 109.974 2497.12 7483.1 112.023
11.6007 13.9806 0.0298804 108.511 2334.47 7152.94 110.509
11.5145 13.8467 0.0297596 107.085 2182.43 6834.04 109.034
11.4332 13.7156 0.0296309 105.698 2040.28 6526.34 107.596
11.3563 13.5873 0.029495 104.347 1907.39 6229.73 106.196
11.2836 13.462 0.0293527 103.032 1783.16 5944.07 104.832
11.215 13.3398 0.0292047 101.753 1667.02 5669.19 103.506
11.1502 13.2206 0.0290516 100.509 1558.44 5404.91 102.215
11.089 13.1045 0.0288939 99.2986 1456.94 5151 100.959
11.0311 12.9915 0.0287324 98.1208 1362.04 4907.24 99.7368
10.9764 12.8817 0.0285676 96.9749 1273.33 4673.38 98.5479
10.9248 12.775 0.0284 95.8596 1190.4 4449.17 97.3911
10.876 12.6714 0.0282301 94.7742 1112.86 4234.33 96.2654
10.8299 12.5709 0.0280583 93.7175 1040.38 4028.61 95.1699
10.7864 12.4735 0.0278852 92.6886 972.619 3831.73 94.1034
10.7453 12.3792 0.0277111 91.6865 909.27 3643.4 93.0652
10.7064 12.2878 0.0275364 90.7102 850.048 3463.35 92.054
10.6697 12.1994 0.0273615 89.7589 794.682 3291.29 91.0691
10.635 12.114 0.0271866 88.8316 742.923 3126.96 90.1094
10.6022 12.0313 0.0270122 87.9274 694.535 2970.07 89.1741
10.5713 11.9515 0.0268385 87.0456 649.298 2820.36 88.2623
10.542 11.8744 0.0266658 86.1852 607.008 2677.54 87.373
10.5144 11.8001 0.0264943 85.3456 567.472 2541.37 86.5056
10.4883 11.7283 0.0263242 84.5259 530.512 2411.57 85.6591
10.4636 11.6591 0.0261558 83.7254 495.959 2287.9 84.8329
10.4403 11.5924 0.0259892 82.9435 463.656 2170.12 84.0262
10.4183 11.5282 0.0258246 82.1794 433.457 2057.97 83.2382
10.3975 11.4663 0.0256622 81.4353 405.225 1951.22 82.4692
10.3779 11.4067 0.025502 80.728 58402.9 3781.68 81.6778
31.2543 11.9374 0.0253664 80.1923 54599 7212.61 80.9543
30.0829 12.9715 0.0253363 80.9054 51042.9 10180.6 80.7216
28.9761 13.8856 0.0254148 83.7327 47718.4 12731.3 81.63
27.9304 14.6898 0.0255832 88.4918 44610.4 14906.6 84.1336
26.9424 15.3934 0.0258252 94.6253 41704.8 16744.5 88.2413
26.009 16.0051 0.0261259 101.554 38988.5 18279.8 93.6587
25.1271 16.5329 0.0264726 108.791 36449.1 19544 99.9687
24.2939 16.9842 0.0268538 115.957 34075.1 20566.1 106.75
23.5067 17.3658 0.0272597 122.78 31855.7 21372 113.636
22.7629 17.6841 0.0276816 129.068 29780.9 21985.8 120.332
22.0603 17.9449 0.0281119 134.703 27841.2 22428.9 126.622
21.3964 18.1536 0.0285442 139.617 26027.8 22721 132.354
20.7692 18.315 0.0289728 143.784 24332.6 22880 137.434
20.1767 18.4339 0.0293932 147.21 22747.7 22921.8 141.813
19.6169 18.5144 0.0298012 149.923 21266.1 22861.1 145.478
19.088 18.5605 0.0301936 151.966 19881 22711.1 148.442
18.5883 18.5755 0.0305677 153.395 18586.1 22483.7 150.738
18.1162 18.563 0.0309211 154.268 17375.6 22189.5 152.41
17.6702 18.5257 0.0312523 154.645 16243.9 21838.3 153.513
17.2488 18.4666 0.0315598 154.588 15185.9 21438.7 154.103
16.8507 18.3881 0.0318428 154.155 14196.8 20998.5 154.239
16.4746 18.2926 0.0321005 153.4 13272.1 20524.7 153.978
16.1192 18.1822 0.0323326 152.374 12407.7 20023.5 153.374
15.7835 18.0588 0.0325391 151.123 11599.5 19500.6 152.48
15.4663 17.9242 0.0327199 149.687 10844 18960.8 151.341
15.1666 17.78 0.0328754 148.102 10137.8 18408.7 150
14.8835 17.6276 0.033006 146.401 9477.46 17848 148.495
14.6161 17.4685 0.0331122 144.611 8860.17 17282.2 146.858
14.3634 17.3038 0.0331947 142.755 8283.09 16714.5 145.12
14.1246 17.1347 0.0332543 140.854 7743.6 16147.3 143.306
13.8991 16.962 0.0332919 138.926 7239.24 15583.2 141.437
13.686 16.7868 0.0333082 136.984 6767.73 15024 139.531
13.4846 16.6099 0.0333042 135.04 6326.94 14471.6 137.606
13.2944 16.4319 0.033281 133.105 5914.85 13927.4 135.672
13.1147 16.2535 0.0332394 131.187 5529.6 13392.7 133.743
12.9449 16.0754 0.0331805 129.292 5169.45 12868.6 131.826
12.7845 15.8979 0.0331054 127.426 4832.75 12355.9 129.929
12.633 15.7217 0.0330149 125.593 4517.99 11855.4 128.058
12.4898 15.547 0.0329101 123.795 4223.72 11367.7 126.217
12.3546 15.3743 0.032792 122.036 3948.62 10893.3 124.41
12.2268 15.2039 0.0326616 120.316 3691.44 10432.4 122.64
12.1061 15.0361 0.0325198 118.638 3451.01 9985.32 120.909
11.992 14.871 0.0323675 117.001 3226.24 9552.24 119.218
11.8843 14.7089 0.0322056 115.406 3016.1 9133.22 117.569
11.7825 14.55 0.0320351 113.852 2819.66 8728.26 115.96
11.6863 14.3944 0.0318566 112.339 2636.01 8337.31 114.393
11.5954 14.2423 0.0316711 110.868 2464.32 7960.25 112.867
11.5096 14.0937 0.0314794 109.436 2303.81 7596.95 111.382
11.4285 13.9486 0.031282 108.043 2153.76 7247.2 109.937
11.3518 13.8072 0.0310798 106.688 2013.48 6910.78 108.532
11.2795 13.6696 0.0308735 105.371 1882.34 6587.44 107.164
11.2111 13.5356 0.0306636 104.089 1759.74 6276.91 105.834
11.1465 13.4054 0.0304508 102.842 1645.12 5978.88 104.541
11.0854 13.2789 0.0302356 101.629 1537.97 5693.05 103.282
11.0277 13.1561 0.0300187 100.449 1437.8 5419.08 102.058
10.9733 13.037 0.0298004 99.2994 1344.16 5156.65 100.866
10.9218 12.9215 0.0295812 98.1806 1256.61 4905.42 99.7069
10.8732 12.8097 0.0293617 97.091 1174.76 4665.04 98.578
10.8272 12.7014 0.0291422 96.0296 1098.25 4435.17 97.4788
10.7838 12.5967 0.0289231 94.9952 1026.72 4215.44 96.4081
10.7428 12.4954 0.0287048 93.987 959.845 4005.53 95.3649
10.7041 12.3975 0.0284877 93.0038 897.328 3805.08 94.3482
10.6675 12.3029 0.0282719 92.0449 838.883 3613.74 93.3569
10.6329 12.2116 0.0280578 91.1091 784.245 3431.19 92.3901
10.6003 12.1235 0.0278457 90.1958 733.166 3257.09 91.447
10.5694 12.0385 0.0276358 89.304 685.413 3091.11 90.5265
10.5403 11.9565 0.0274283 88.433 640.771 2932.94 89.6278
10.5127 11.8775 0.0272234 87.5819 599.036 2782.25 88.7502
10.4867 11.8014 0.0270214 86.75 560.019 2638.76 87.8928
10.4622 11.7281 0.0268222 85.9367 523.544 2502.15 87.0549
10.4389 11.6575 0.0266262 85.1413 489.445 2372.14 86.2358
10.417 11.5895 0.0264333 84.3631 68152.4 4502.49 85.3804
39.2511 12.3363 0.0262743 83.7507 63713.5 8500.34 84.5835
37.6367 13.7776 0.0262609 84.5962 59563.7 11958.3 84.3422
36.1114 15.0527 0.0263974 87.9067 55684.2 14929.8 85.4238
34.6702 16.1754 0.026658 93.409 52057.3 17463.4 88.3435
33.3085 17.1588 0.0270198 100.408 48666.7 19603.7 93.0779
32.022 18.0147 0.0274625 108.196 45497 21391.1 99.2475
30.8065 18.7542 0.0279684 116.181 42533.7 22862.5 106.335
29.658 19.3877 0.0285216 123.912 39763.4 24051.5 113.825
28.573 19.9245 0.0291085 131.066 37173.5 24988.6 121.275
27.5478 20.3734 0.029717 137.433 34752.3 25701.6 128.339
26.5793 20.7425 0.0303368 142.888 32488.8 26215.7 134.767
25.6642 21.0391 0.0309589 147.376 30372.7 26553.8 140.397
24.7996 21.2703 0.0315755 150.897 28394.5 26736.7 145.14
23.9827 21.4423 0.0321801 153.486 26545.1 26783.1 148.962
23.2109 21.5609 0.0327672 155.207 24816.2 26710 151.877
22.4818 21.6315 0.0333322 156.139 23199.8 26532.9 153.928
21.7929 21.6591 0.0338713 156.371 21688.8 26265.5 155.18
21.142 21.6482 0.0343815 155.994 20276.2 25920.3 155.713
20.527 21.6029 0.0348604 155.098 18955.5 25508.7 155.61
19.946 21.5271 0.0353061 153.766 17720.9 25040.8 154.959
19.3971 21.4243 0.0357174 152.079 16566.7 24525.6 153.841
18.8784 21.2977 0.0360933 150.106 15487.7 23971.3 152.337
18.3884 21.1503 0.0364333 147.911 14478.9 23385.2 150.519
17.9255 20.9847 0.0367372 145.548 13535.9 22773.7 148.45
17.4881 20.8034 0.0370053 143.065 12654.3 22142.7 146.19
17.0749 20.6086 0.0372379 140.502 11830.1 21497.2 143.787
16.6845 20.4024 0.0374356 137.892 11059.6 20841.9 141.285
16.3156 20.1867 0.0375991 135.264 10339.2 20180.8 138.719
15.9672 19.963 0.0377294 132.639 9665.82 19517.4 136.121
15.638 19.733 0.0378276 130.038 9036.26 18854.8 133.515
15.3269 19.4981 0.0378947 127.475 8447.71 18195.7 130.922
15.0331 19.2594 0.0379321 124.96 7897.5 17542.4 128.359
14.7555 19.0181 0.037941 122.503 7383.12 16897.1 125.838
14.4933 18.7753 0.0379228 120.111 6902.24 16261.4 123.37
14.2455 18.5317 0.0378789 117.788 6452.68 15636.9 120.962
14.0115 18.2884 0.0378106 115.537 6032.4 15024.7 118.62
13.7905 18.0459 0.0377194 113.361 5639.5 14425.9 116.348
13.5816 17.805 0.0376066 111.259 5272.19 13841.4 114.149
13.3844 17.5661 0.0374737 109.232 4928.8 13271.9 112.023
13.1981 17.3299 0.037322 107.279 4607.78 12717.8 109.971
13.0221 17.0967 0.0371529 105.399 4307.66 12179.6 107.994
12.8559 16.8669 0.0369676 103.591 4027.1 11657.5 106.089
12.6989 16.6409 0.0367676 101.852 3764.8 11151.8 104.256
12.5507 16.419 0.0365539 100.18 3519.59 10662.5 102.493
12.4106 16.2014 0.0363279 98.5731 3290.36 10189.6 100.797
12.2784 15.9882 0.0360907 97.0289 3076.05 9733.12 99.1678
12.1535 15.7798 0.0358434 95.545 2875.7 9292.86 97.6015
12.0356 15.5762 0.0355872 94.1189 2688.4 8868.66 96.0962
11.9242 15.3774 0.0353229 92.7481 2513.3 8460.3 94.6495
11.819 15.1837 0.0350517 91.4301 2349.6 8067.51 93.259
11.7197 14.9951 0.0347745 90.1627 2196.57 7690 91.9222
11.6259 14.8115 0.0344921 88.9435 2053.5 7327.43 90.6367
11.5373 14.633 0.0342054 87.7702 1919.75 6979.48 89.4003
11.4535 14.4596 0.0339152 86.6407 1794.71 6645.76 88.2106
11.3744 14.2914 0.0336222 85.5528 1677.82 6325.91 87.0656
11.2996 14.1281 0.0333272 84.5047 1568.54 6019.53 85.963
11.2288 13.9699 0.0330309 83.4943 1466.38 5726.23 84.9008
11.1617 13.8166 0.0327338 82.5199 1370.87 5445.6 83.8771
11.098 13.6681 0.0324365 81.5825 1281.58 5177.23 82.8908
11.0372 13.5244 0.0321395 80.701 1198.11 4920.72 81.9474
10.9785 13.3854 0.0318435 79.8838 1120.08 4675.66 81.056
10.9211 13.2508 0.0315487 79.1282 1047.12 4441.65 80.2224
10.8633 13.1205 0.0312557 78.4288 978.921 4218.28 79.4468
10.8034 12.9941 0.0309647 77.7805 915.162 4005.17 78.7268
10.7394 12.8713 0.0306762 77.1789 855.556 3801.93 78.0587
10.6695 12.7516 0.0303902 76.6205 799.831 3608.17 77.4387
10.5925 12.6344 0.030107 76.1023 747.737 3423.52 76.8633
10.5077 12.5192 0.0298267 75.6217 699.035 3247.62 76.3294
10.4155 12.4055 0.0295493 75.1765 653.506 3080.11 75.8342
10.3165 12.2928 0.0292748 74.7651 610.941 2920.65 75.3756
10.2122 12.1807 0.0290031 74.3857 571.15 2768.88 74.9515
10.1044 12.0689 0.0287341 74.0373 533.949 2624.5 74.5603
