108
107.999
107.999
107.999
107.997
107.991
107.978
107.955
107.919
107.866
107.793
107.698
107.578
107.431
107.256
107.051
106.816
106.55
106.254
105.927
105.571
105.185
104.771
104.33
103.863
103.371
102.856
102.319
101.762
101.185
100.592
99.9816
99.3571
98.7193
98.0696
97.4095
96.7402
96.0628
95.3787
94.689
93.9946
93.2967
92.5963
91.8941
91.1911
90.4881
89.7858
89.085
88.3862
87.69
86.9971
86.3079
85.623
84.9426
84.2673
83.5973
82.933
82.2748
81.6231
80.9895
80.3887
79.8238
79.2934
78.7951
78.3263
77.8845
77.4679
77.0748
76.7036
76.353
76.0218
75.709
75.5201
76.3775
78.9953
83.2653
88.8
95.1206
101.79
108.455
114.851
120.788
126.145
130.848
134.868
138.203
140.875
142.921
144.389
145.332
145.805
145.865
145.565
144.956
144.085
142.994
141.722
140.303
138.767
137.14
135.446
133.703
131.928
130.135
128.336
126.541
124.757
122.992
121.25
119.536
117.853
116.204
114.591
113.014
111.475
109.974
108.511
107.085
105.698
104.347
103.032
101.753
100.509
99.2986
98.1208
96.9748
95.8596
94.7742
93.7175
92.6886
91.6865
90.7102
89.7589
88.8316
87.9274
87.0456
86.1852
85.3456
84.5259
83.7254
82.9434
82.1794
81.4352
80.728
80.1923
80.9054
83.7327
88.4917
94.6253
101.554
108.791
115.957
122.78
129.068
134.703
139.617
143.784
147.21
149.923
151.966
153.395
154.268
154.645
154.588
154.155
153.4
152.374
151.123
149.687
148.102
146.401
144.611
142.755
140.854
138.926
136.984
135.04
133.105
131.187
129.292
127.426
125.593
123.795
122.036
120.316
118.638
117.001
115.406
113.852
112.34
110.868
109.436
108.043
106.688
105.371
104.089
102.842
101.629
100.449
99.2994
98.1806
97.091
96.0295
94.9952
93.987
93.0038
92.0448
91.1091
90.1958
89.304
88.4329
87.5819
86.75
85.9367
85.1413
84.363
83.7507
84.5961
87.9067
93.409
100.408
108.196
116.181
123.912
131.066
137.433
142.888
147.376
150.897
153.486
155.207
156.139
156.371
155.994
155.098
153.766
152.079
150.106
147.911
145.548
143.065
140.502
137.892
135.264
132.639
130.038
127.475
124.96
122.503
120.111
117.788
115.537
113.361
111.259
109.232
107.279
105.399
103.591
101.852
100.18
98.5731
97.0289
95.545
94.1189
92.7481
91.4301
90.1627
88.9434
87.7702
86.6407
85.5528
84.5047
83.4943
82.5198
81.5825
80.701
79.8838
79.1282
78.4288
77.7805
77.1789
76.6205
76.1023
75.6216
75.1765
74.765
74.3857
74.0372
73.9299
