107.999
107.999
107.999
107.998
107.992
107.978
107.954
107.916
107.86
107.783
107.682
107.555
107.4
107.216
107.001
106.756
106.48
106.174
105.836
105.469
105.073
104.649
104.198
103.721
103.22
102.696
102.151
101.586
101.002
100.401
99.7847
99.1542
98.511
97.8564
97.1918
96.5185
95.8376
95.1504
94.458
93.7614
93.0616
92.3596
91.6563
90.9525
90.2489
89.5464
88.8456
88.147
87.4514
86.7593
86.071
85.3871
84.7081
84.0342
83.3658
82.7033
82.0469
81.3968
80.7571
80.1609
79.6076
79.0905
78.6049
78.1477
77.7166
77.3098
76.9257
76.563
76.2202
75.8965
75.5906
75.3016
75.6726
78.6809
83.6715
89.9401
96.8487
103.913
110.793
117.256
123.148
128.376
132.896
136.696
139.793
142.22
144.026
145.264
145.992
146.268
146.151
145.693
144.945
143.954
142.761
141.402
139.911
138.317
136.643
134.911
133.139
131.342
129.535
127.726
125.926
124.141
122.378
120.641
118.934
117.26
115.621
114.018
112.453
110.926
109.438
107.988
106.575
105.201
103.863
102.561
101.295
100.063
98.8646
97.6987
96.5641
95.4601
94.3854
93.3392
92.3203
91.328
90.3612
89.4189
88.5004
87.6047
86.731
85.8785
85.0464
84.234
83.4405
82.6653
81.9078
81.1672
80.459
79.8103
79.9691
83.2336
88.9223
95.925
103.499
111.142
118.513
125.381
131.598
137.078
141.78
145.702
148.867
151.314
153.099
154.28
154.923
155.091
154.846
154.247
153.347
152.196
150.839
149.314
147.655
145.894
144.056
142.163
140.234
138.285
136.329
134.378
132.44
130.522
128.631
126.771
124.947
123.159
121.412
119.705
118.04
116.416
114.835
113.296
111.798
110.34
108.923
107.544
106.203
104.898
103.629
102.395
101.194
100.026
98.8879
97.7801
96.7012
95.65
94.6256
93.6269
92.6529
91.7028
90.7756
89.8705
88.9865
88.1231
87.2793
86.4545
85.6479
84.859
84.087
83.3315
83.4926
87.3447
93.9475
101.951
110.463
118.88
126.796
133.943
140.162
145.372
149.555
152.738
154.979
156.358
156.966
156.899
156.254
155.121
153.586
151.727
149.612
147.301
144.846
142.292
139.676
137.029
134.377
131.74
129.135
126.575
124.07
121.628
119.253
116.951
114.723
112.571
110.494
108.493
106.566
104.712
102.928
101.214
99.5668
97.9837
96.4625
95.0007
93.5959
92.2455
90.9471
89.6984
88.4971
87.341
86.2278
85.1555
84.1222
83.1259
82.1649
81.2373
80.3596
79.5628
78.8312
78.1546
77.5269
76.9439
76.4025
75.8998
75.4335
75.0018
74.603
74.2355
73.8983
73.5905
73.5905
