108.001
108.002
108.004
108.007
108.012
108.016
108.016
108.011
107.998
107.973
107.932
107.874
107.796
107.695
107.569
107.417
107.238
107.032
106.797
106.534
106.243
105.925
105.58
105.209
104.813
104.394
103.951
103.487
103.003
102.499
101.979
101.442
100.89
100.325
99.747
99.1584
98.5601
97.9532
97.3388
96.7182
96.0922
95.4619
94.8283
94.1922
93.5545
92.916
92.2773
91.6392
91.0024
90.3673
89.7347
89.1049
88.4786
87.8559
87.2375
86.6237
86.0147
85.4109
84.8125
84.2201
83.6442
83.0979
82.5842
82.1018
81.6485
81.2219
80.8199
80.4408
80.0828
79.7449
79.4256
79.4232
80.5258
81.8025
83.7883
87.1488
91.8016
97.4094
103.552
109.849
115.998
121.776
127.031
131.67
135.646
138.946
141.584
143.594
145.019
145.913
146.331
146.329
145.964
145.287
144.347
143.188
141.85
140.368
138.774
137.095
135.354
133.571
131.762
129.943
128.124
126.316
124.527
122.762
121.028
119.328
117.665
116.042
114.459
112.919
111.421
109.965
108.551
107.18
105.849
104.559
103.308
102.095
100.92
99.7806
98.676
97.605
96.5663
95.5588
94.5813
93.6327
92.7116
91.8171
90.9481
90.1035
89.2823
88.4835
87.7062
86.9496
86.2127
85.4947
84.7949
84.1125
83.4468
83.1561
84.1867
85.4419
87.52
91.2091
96.3698
102.529
109.192
115.947
122.48
128.568
134.065
138.882
142.98
146.353
149.022
151.025
152.414
153.245
153.579
153.477
152.998
152.198
151.128
149.834
148.359
146.739
145.008
143.192
141.317
139.404
137.468
135.526
133.589
131.666
129.767
127.897
126.062
124.265
122.51
120.797
119.13
117.508
115.932
114.402
112.917
111.477
110.081
108.728
107.416
106.146
104.914
103.72
102.563
101.441
100.354
99.2983
98.2744
97.2804
96.3153
95.3778
94.4667
93.5808
92.7192
91.8808
91.0645
90.2695
89.4949
88.7396
88.0031
87.2844
86.5828
86.3131
87.558
89.0265
91.4384
95.7068
101.615
108.572
115.976
123.329
130.26
136.513
141.929
146.427
149.985
152.626
154.401
155.384
155.661
155.32
154.452
153.142
151.47
149.508
147.321
144.964
142.488
139.931
137.331
134.714
132.104
129.521
126.979
124.49
122.063
119.703
117.417
115.207
113.074
111.02
109.043
107.144
105.321
103.571
101.894
100.287
98.7466
97.2712
95.858
94.5044
93.2078
91.9656
90.7753
89.6346
88.5409
87.492
86.4857
85.5199
84.5924
83.7014
82.8451
82.024
81.254
80.5421
79.8858
79.2806
78.7218
78.2056
77.729
77.2893
76.8843
76.512
76.1709
75.8597
75.8597
